#Cleaned up table to remove duplicates
#On-Source integration time needs to be validated (may have changed between early measurements and 2021 measurements)
#Used last saved measurement in v2 from DATAv2  -- measurements matched ascii spectrum (last saved)
#need to check /data/scratch/dfrayer/GOALS/AGBT10B14/FINAL/Summary_LOG_reduction to verify consistency
#See APJ area for production of this file
#
#Table (c,a names used in program reading and computing 
#(c0) src name
#(a1) Dlum Mpc
#(a2) log10(Lir)
#(a3) Observed F-name
#(c1) Fit mode (0 nondect, 1 gmeasure, 2 gaussian, 3 gaussian ABS, 4 non-gauss ABS, 5 Emission+Abs lower limit)
#(c2) Observed Optical Velocity
#(c3) On-Source Integration time in min (effective with Dual Polarization)
#(c4) Line Jy km/s from stats
#(c5) Peak in mJy
#(c6) ch1
#(c7) ch2
#(c8) Continuum Level Jy
#(c9) RMS in mJy for 7 raw channels (21.36kHz)
#(c10) Line Jy km/s for 50%
#(c11) error on Line
#(c12) Line width 50%
#(c13) error on line width
#(c14) center velocity
#(c15) error on center velocity
#(c16) Line Jy km/s for 20%
#(c17) error on Line
#(c18) Line width 20%
#(c19) error on line width
#(c20) center velocity
#(c21) error on center velocity
#
F00073+2538 65.2 11.12	 F00073+2538 1  4566.0   22.93  9.04  29.18 236 352  0.138  1.95  9.00 0.20  387.2  11.5  4561.8   5.8  8.97 0.20  453.1  11.5  4567.2   5.8
F00085-1223 84.1 11.49	 F00085-1223 1  5879.0   22.93  4.48  21.01 246 339  0.129  2.08  4.47 0.18  298.3  54.2  5908.2  27.1  4.46 0.20  432.4  40.7  5880.8  20.3
F00163-1039 117.5 11.48	 F00163-1039 1  8139.0   35.99  5.95  32.08 256 333  0.951  1.96  5.94 0.16  264.6   8.8  8141.2   4.4  5.94 0.16  309.5   9.5  8142.6   4.7
F00344-3349 89.0 11.28	 F00344-3349 2  6173.0   61.15  0.13   8.69 254 304 -0.051  1.63  0.53 0.10   90.6  12.6  6237.8  25.3  0.54 0.09  147.9  35.3  6219.8  17.7
F00402-2349 95.2 11.44	 F00402-2349 1  6646.0   45.71  2.01  11.29 236 306  0.134  1.68  2.01 0.14  261.1  20.5  6746.7  10.3  2.02 0.14  329.6  37.3  6762.4  18.7
F00506+7248 69.8 11.50	 F00506+7248 1  4704.0   22.94  6.13  24.04 232 322 -0.051  1.88  6.14 0.17  316.5  14.2  4779.5   7.1  6.12 0.17  386.2  14.2  4780.9   7.1
F00548+4331 77.8 11.19	 F00548+4331 1  5426.0   15.29  7.46  32.87 258 393  0.073  2.81  7.44 0.25  307.0  46.3  5314.1  23.1  7.39 0.28  451.7  46.3  5283.9  23.1
F01053-1746 85.5 11.71	 F01053-1746 1  6014.0   45.70 12.44  35.62 182 354  0.302  9.15 12.39 1.11  559.3 323.5  6180.2 161.7 12.41 1.16  710.8 119.4  6162.6  59.7
F01076-1707 144.0 11.65	 F01076-1707 0 10040.0   43.63  0.00   0.00   0   0  0.126  1.46  0.00 0.00    0.0   0.0     0.0   0.0  0.00 0.00    0.0   0.0     0.0   0.0
F01173+1405 134.0 11.69	 F01173+1405 1  9360.0  108.61  1.33  12.42 248 305 -0.060  1.04  1.33 0.06  112.2  18.9  9441.8   9.4  1.34 0.07  194.4  18.9  9428.0   9.4
F01364-1042 210.0 11.85	 F01364-1042 0 14462.0  138.07  0.00   0.00   0   0  0.044  0.95  0.00 0.00    0.0   0.0     0.0   0.0  0.00 0.00    0.0   0.0     0.0   0.0
F01417+1651 119.0 11.64	 F01417+1651 1  8223.0  107.01  2.09  14.08 260 328  0.050  1.01  2.10 0.07  182.3  10.0  8225.5   5.0  2.10 0.07  232.1  10.0  8219.3   5.0
F01484+2220 139.0 11.68	 F01484+2220 1  9734.0  111.64  4.58  24.01 243 327  0.118  1.07  4.58 0.09  247.3  19.0  9823.1   9.5  4.58 0.10  390.7  19.0  9828.0   9.5
F01519+3640 79.8 11.05	 F01519+3640 1  5621.0   56.71  3.12  18.35 257 342 -0.096  1.37  3.16 0.10  213.0  15.3  5608.4   7.7  3.13 0.11  294.0  18.3  5609.3   9.2
F02070+3857 76.3 11.36	 F02070+3857 1  5372.0   45.88  9.79  34.59 235 360 -0.033  1.84  9.79 0.19  391.6   9.5  5391.3   4.8  9.79 0.19  451.6   9.5  5373.2   4.8
F02071-1023 53.8 11.05	 F02071-1023 1  3849.0   45.86 20.06  90.44 237 367  0.171  1.74 19.85 0.14  242.0   5.0  3849.4   2.5 20.03 0.15  325.2   4.7  3843.4   2.4
F02114+0456 129.0 11.43	 F02114+0456 1  9060.0   86.80  0.33  17.52 223 273  0.174  1.37  1.60 0.09  151.5  27.6  9258.9  13.8  1.60 0.10  225.1  27.6  9235.4  13.8
F02152+1418 54.6 11.10	 F02152+1418 1  3912.0   20.38 41.36 111.37 235 377  0.097  2.59 41.33 0.27  416.7   5.3  3890.7   2.7 41.28 0.27  506.6   5.3  3875.6   2.7
F02203+3158 145.0 11.64	 F02203+3158 1 10106.0   42.05  1.54   9.24 263 337  0.014  1.67  1.52 0.13  212.9  78.8 10096.9  39.4  1.53 0.14  307.6  53.5 10080.8  26.7
F02208+4744 67.0 11.12	 F02208+4744 2  4677.0   33.13  4.18  24.83 260 335 -0.012  2.15  4.23 0.15  177.9   4.8  4632.0   6.5  4.15 0.17  280.4  21.8  4635.4  10.9
F02281-0309 80.6 11.20	 F02281-0309 1  5738.0   45.86 30.03  81.53 210 364  0.159  2.76 29.96 0.34  578.2   3.9  5742.2   2.0 29.83 0.33  622.3   3.9  5744.3   2.0
F02345+2053 58.0 11.07	 F02345+2053 1  4140.0   22.93 16.87  75.56 248 344  0.093  2.03 16.84 0.17  265.0   7.4  4132.6   3.7 16.84 0.18  336.6   3.9  4143.5   1.9
F02401-0013 15.9 11.40	 F02401-0013 1  1136.0   22.93 22.58 112.99 250 329  5.093  8.00 22.60 0.64  255.1  10.1  1139.6   5.0 22.67 0.65  307.5  10.1  1130.6   5.0
F02435+1253 92.4 11.33	 F02435+1253 1  6559.0   45.86 10.79  73.06 260 373  0.005  1.74 10.78 0.07   68.4  16.7  6553.1   8.4 10.74 0.16  359.3  20.4  6437.3  10.2
F02437+2122 98.8 11.16	 F02437+2122 5  6985.0   99.36  1.59   8.67 241 328  0.020  1.04  1.59 0.09  271.6  34.9  7056.0  17.5  1.59 0.09  356.8  35.0  7021.8  17.5
F02512+1446 136.0 11.67	 F02512+1446 2  9354.0   83.78  0.30   4.49 281 342 -0.035  1.61  0.36 0.06  106.1  12.6  9277.9  34.6  0.37 0.11  214.5 100.8  9265.2  50.4
F03117+4151 100.0 11.41	 F03117+4151 1  6997.0   68.82  2.67  13.75 253 333  0.179  1.27  2.67 0.11  287.2  11.7  6995.1   5.8  2.66 0.11  331.2  12.0  6996.7   6.0
F03217+4022 100.0 11.33	 F03217+4022 2  7006.0  105.14  0.38   6.37 274 316 -0.042  1.24  0.39 0.04   75.3   6.0  6984.5  12.7  0.39 0.07  126.3  27.8  6989.2  13.9
F03359+1523 152.0 11.55	 F03359+1523 3 10613.0   87.92 -0.82   1.83 227 323  0.108  1.06  0.73 0.07  154.4  11.3 10746.2  40.8  0.77 0.08  257.5  67.8 10741.4  33.9
F03514+1546 94.3 11.20	 F03514+1546 1  6661.0   22.93  4.92  30.14 269 340  0.118  1.97  4.87 0.15  212.0   5.5  6630.5   2.7  4.88 0.15  239.8   5.5  6628.5   2.7
03582+6012 131.0 11.43	 F03582+6012 2  8997.0   53.52  2.68  14.43 270 368  0.222  1.55  2.53 0.12  201.1   7.2  8865.3  18.2  2.66 0.14  360.4  51.0  8864.8  25.5
F04097+0525 74.9 11.20	 F04097+0525 1  5303.0   22.93 11.84  44.29 235 341  0.088  2.38 11.82 0.24  375.5   6.4  5320.6   3.2 11.84 0.23  413.7   6.4  5316.4   3.2
F04118-3207 51.0 11.07	 F04118-3207 0  3568.0   34.40  0.00   0.00   0   0  0.002  1.97  0.00 0.00    0.0   0.0     0.0   0.0  0.00 0.00    0.0   0.0     0.0   0.0
F04191-1855 138.5 11.51	 F04191-1855 2  9650.0   38.22  2.59  30.89 239 289  0.059  1.53  2.37 0.12   84.5   3.1  9813.7  10.8  2.59 0.09  145.1   8.4  9799.0   4.2
04271+3849 80.8 11.11	 F04271+3849 0  5639.0   40.94  0.00   0.00   0   0  0.178  1.83  0.00 0.00    0.0   0.0     0.0   0.0  0.00 0.00    0.0   0.0     0.0   0.0
F04315-0840 67.8 11.65	 F04315-0840 1  4776.0   45.87  0.46  19.32 275 327  0.219  1.61  2.18 0.11  181.6   7.1  4733.5   3.5  2.16 0.11  208.5   7.1  4735.1   3.5
F04326+1904 106.0 11.41	 F04326+1904 1  7408.0   22.93 20.53  46.94 222 378  0.107  1.90 20.45 0.23  557.9  17.6  7390.3   8.8 20.45 0.23  659.7   9.3  7409.4   4.7
F04502-3304 81.3 11.17	 F04502-3304 0  5621.0   22.93  0.00   0.00   0   0 -0.023  2.56  0.00 0.00    0.0   0.0     0.0   0.0  0.00 0.00    0.0   0.0     0.0   0.0
F05053-0805 63.4 11.04	 F05053-0805 1  4440.0   22.93  1.95  36.82 238 334  0.063  1.96  9.04 0.19  356.5   4.2  4459.3   2.1  9.02 0.18  383.6   4.2  4463.1   2.1
F05054+1718 77.9 11.22	 F05054+1718 0  5453.0   53.51  0.00   0.00   0   0  0.297  1.85  0.00 0.00    0.0   0.0     0.0   0.0  0.00 0.00    0.0   0.0     0.0   0.0
F05081+7936 240.0 11.99	 F05081+7936 2 16090.0   81.09  0.84   4.21 224 327  0.074  1.04  0.81 0.11  325.8  32.4 16216.9 171.9  0.83 0.13  606.0 186.8 16228.7  93.4
05083+2441 99.2 11.26	 F05083+2441 1  6913.0   22.93  4.57  22.36 245 335 -0.057  1.95  4.57 0.17  277.6  33.4  6925.7  16.7  4.54 0.18  386.8  33.4  6905.6  16.7
05129+5128 120.0 11.42	 F05129+5128 1  8223.0   42.86  3.03  13.09 226 323  0.194  1.53  2.99 0.14  328.6  22.5  8309.2  11.3  2.99 0.14  395.4  22.5  8320.0  11.3
F05187-1017 122.0 11.30	 F05187-1017 2  8472.0   45.87  0.25   5.82 281 324  0.107  1.60  0.24 0.06   78.9  15.9  8404.9  39.9  0.26 0.10  154.1 121.3  8393.5  60.6
F05189-2524 187.0 12.16	 F05189-2524 0 12759.0   84.08  0.00   0.00   0   0 -0.012  1.26  0.00 0.00    0.0   0.0     0.0   0.0  0.00 0.00    0.0   0.0     0.0   0.0
05223+1908 128.0 11.65	 F05223+1908 1  8865.0   45.86  0.87  12.07 277 313  0.041  1.35  0.86 0.07   95.2   8.8  8861.1   4.4  0.86 0.07  122.7   8.9  8857.7   4.5
F05365+6921 59.0 11.06	 F05365+6921 1  3933.0   22.94 66.90 174.32 192 382  0.273  2.51 66.69 0.33  671.1   2.4  3929.4   1.2 66.36 0.31  711.9   2.4  3932.6   1.2
05368+4940 83.7 11.46	 F05368+4940 1  5741.0   27.88  3.09  39.77 269 305 -0.102  2.25  3.08 0.12  106.2   4.4  5767.1   2.2  3.10 0.12  132.2   4.4  5765.2   2.2
F05414+5840 65.8 11.28	 F05414+5840 1  4455.0   22.94  6.49  21.32 222 348  0.160  2.09  6.42 0.23  461.8  10.8  4465.7   5.4  6.44 0.22  500.2  10.8  4472.5   5.4
05442+1732 80.5 11.30	 F05442+1732 2  5582.0   22.93  6.31  50.40 254 326  0.058  1.81  5.98 0.22  121.1   3.4  5581.6   6.0  6.21 0.12  192.7   6.6  5587.8   3.3
F06052+8027 59.7 11.10	 F06052+8027 1  3918.0   22.94 19.57  67.07 226 377  0.166  1.96 19.49 0.23  529.1   6.0  3914.3   3.0 19.49 0.22  588.9   6.1  3898.5   3.0
F06076-2139 165.0 11.65	 F06076-2139 0 11224.0   91.73  0.00   0.00   0   0  0.051  1.25  0.00 0.00    0.0   0.0     0.0   0.0  0.00 0.00    0.0   0.0     0.0   0.0
F06107+7822 17.5 11.12	 F06107+7822 1   890.0   22.94 56.39 203.28 223 358  1.201  2.67 56.32 0.29  464.5   2.5   914.2   1.2 56.34 0.28  510.3   2.5   906.2   1.3
F06295-1735 93.6 11.25	 F06295-1735 2  6383.0   22.93  8.24  35.09 241 366  0.062  2.15  7.18 0.18  200.1   3.9  6373.3   7.4  8.21 0.22  448.8  20.3  6312.6  10.2
F06538+4628 94.3 11.34	 F06538+4628 2  6401.0   24.85  4.93  37.92 217 321 -0.191  2.22  3.98 0.30  122.5   7.0  6526.1  15.3  4.81 0.17  269.3  31.0  6463.0  15.5
07063+2043 78.0 11.31	 F07063+2043 2  5273.0   22.94 15.77  70.00 230 360  0.232  2.40 13.12 0.44  189.8   5.1  5206.1   7.0 15.66 0.22  363.5  14.6  5264.9   7.3
07251-0248 400.0 12.39	 F07251-0248 0 26247.0   30.42  0.00   0.00   0   0 -0.301  4.32  0.00 0.00    0.0   0.0     0.0   0.0  0.00 0.00    0.0   0.0     0.0   0.0
F07256+3355 62.1 11.28	 F07256+3355 1  4134.0   45.87 14.14  51.33 250 381  0.099  1.39 14.10 0.14  408.6   9.5  3978.7   4.8 14.12 0.15  523.2   9.5  4015.4   4.8
F07329+1149 72.8 11.13	 F07329+1149 1  4872.0   22.92 12.04  50.80 213 316  0.082  2.13 12.02 0.19  307.0   8.6  4977.4   4.3 12.02 0.20  375.2   8.6  4986.4   4.3
F08339+6517 86.3 11.11	 F08339+6517 1  5729.0   22.94  5.59  30.85 237 326  0.221  1.93  5.52 0.14  215.0  21.1  5775.1  10.5  5.47 0.17  328.4  21.1  5793.8  10.5
F08354+2555 84.1 11.60	 F08354+2555 5  5546.0   22.93  1.11  15.70 279 310  0.116  1.90  1.10 0.10  112.8   8.2  5542.3   4.1  1.11 0.10  132.1   8.2  5544.4   4.1
08424-3130 74.4 11.08	 F08424-3130 2  4845.0   22.93  2.91  19.85 245 321 -0.002  2.49  2.93 0.17  179.0   8.0  4887.5  12.5  2.89 0.20  280.3  34.6  4897.1  17.3
F08572+3915 264.0 12.16	 F08572+3915 0 17493.0   84.43  0.00   0.00   0   0 -0.002  1.08  0.00 0.00    0.0   0.0     0.0   0.0  0.00 0.00    0.0   0.0     0.0   0.0
F09111-1007 246.0 12.06	 F09111-1007 1 16231.0   45.86  2.22   8.67 196 339  0.027  1.46  2.24 0.13  267.1 180.4 16262.1  90.2  2.23 0.18  653.5 193.3 16347.3  96.7
F09126+4432 178.0 11.74	 F09126+4432 1 11782.0   45.71  1.91   9.96 216 296  0.039  1.53  1.90 0.14  285.8  32.0 11932.1  16.0  1.93 0.14  345.8  32.0 11954.0  16.0
F09320+6134 177.0 12.01	 F09320+6134 4 11800.0   91.76 -1.31   1.77 216 321  0.235  1.06  1.30 0.10  334.4  27.6 11944.4  13.8  1.30 0.10  395.3  27.0 11940.5  13.5
F09333+4841 117.0 11.34	 F09333+4841 1  7777.0   42.05  6.41  25.47 248 374  0.050  1.75  6.40 0.20  488.1  49.9  7685.6  25.0  6.39 0.20  547.3   9.8  7705.2   4.9
F09437+0317 92.9 11.23	 F09437+0317 1  6134.0   22.93 12.90  36.36 259 383  0.070  1.97 12.88 0.22  468.2   9.3  5987.1   4.7 12.86 0.21  524.9   9.4  5993.6   4.7
F10015-0614 79.5 11.37	 F10015-0614 1  5052.0   22.93 12.77  44.61 228 356  0.128  1.98 12.75 0.21  412.1   7.6  5088.3   3.8 12.75 0.20  462.1   7.6  5080.1   3.8
F10038-3338 156.0 11.78	 F10038-3338 2 10223.0   68.80  4.03  21.18 225 330 -0.028  1.45  3.73 0.14  189.3   5.2 10259.9  17.0  4.00 0.12  321.2  25.5 10282.9  12.7
F10173+0828 224.0 11.86	 F10173+0828 0 14714.0   45.86  0.00   0.00   0   0 -0.088  1.24  0.00 0.00    0.0   0.0     0.0   0.0  0.00 0.00    0.0   0.0     0.0   0.0
F10196+2149 65.7 11.09	 F10196+2149 1  4107.0   22.93 29.85  86.61 216 362  0.166  2.13 29.69 0.25  521.6   6.0  4114.6   3.0 29.68 0.25  596.1   6.5  4096.3   3.2
F10565+2448 197.0 12.08	 F10565+2448 4 12921.0   45.86 -0.72   3.59 269 336  0.004  1.41  0.64 0.09  141.0  49.4 12891.9  24.7  0.64 0.10  202.7  49.4 12918.9  24.7
F11011+4107 158.0 11.62	 F11011+4107 1 10349.0   45.88  0.79   7.53 184 244  0.070  1.41  0.79 0.08  113.0  62.2 10733.0  31.1  0.78 0.10  216.7  61.1 10711.9  30.6
F11186-0242 117.0 11.43	 F11186-0242 1  7462.0   45.86  3.63  20.61 252 344  0.053  1.50  3.63 0.11  185.3  27.6  7416.2  13.8  3.63 0.13  333.7  27.6  7424.2  13.8
F11231+1456 157.0 11.64	 F11231+1456 1 10241.0   45.86  2.32   9.17 245 344 -0.003  1.22  2.30 0.12  389.5  23.3 10244.9  11.7  2.30 0.12  439.1  22.2 10236.3  11.1
F11257+5850 50.7 11.93	 F11257+5850 5  3121.0   21.50  1.90  47.46 220 361  0.948  2.37  8.73 0.27  485.0  12.1  3124.3   6.1  8.67 0.26  560.5  12.1  3121.2   6.1 
F12043-3140 112.0 11.43	 F12043-3140 1  6955.0   91.25  1.73   9.18 249 346  0.190  1.34  1.72 0.11  278.0  48.9  6932.7  24.4  1.74 0.12  364.4  46.9  6927.8  23.4
F12112+0305 340.0 12.36	 F12112+0305 4 21978.0   81.21 -0.67   1.82 306 365  0.022  1.11  0.67 0.09  211.5 118.0 21802.2  59.0  0.65 0.11  390.8 127.9 21778.1  63.9
F12116+5448 43.0 11.10	 F12116+5448 2  2500.0   22.94  5.74  58.58 266 327  0.096  2.15  5.37 0.19   99.0   2.6  2507.2   2.1  5.70 0.13  160.3   6.2  2500.6   3.1
F12224-0624 125.0 11.36	 F12224-0624 0  7900.0   85.99  0.00   0.00   0   0 -0.082  1.24  0.00 0.00    0.0   0.0     0.0   0.0  0.00 0.00    0.0   0.0     0.0   0.0
F12243-0036 36.5 11.19	 F12243-0036 2  2176.0   22.93  3.20  36.57 269 316  0.041  2.17  3.22 0.15   86.7   3.0  2192.8   2.1  3.20 0.12  129.7   6.1  2184.1   3.0
F12540+5708 192.0 12.57	 F12540+5708 3 12642.0   90.47 -3.03   1.09 249 332  0.357  0.99  3.00 0.10  178.8   4.5 12641.0  17.0  3.02 0.08  263.3   9.9 12647.9   4.9
F12590+2934 111.0 11.38	 F12590+2934 0  7069.0   89.36  0.00   0.00   0   0  0.058  1.27  0.00 0.00    0.0   0.0     0.0   0.0  0.00 0.00    0.0   0.0     0.0   0.0
F12592+0436 175.0 11.68	 F12592+0436 1 11236.0   45.85  3.71  19.18 249 342  0.073  1.37  3.69 0.10  206.7  27.9 11240.0  13.9  3.72 0.12  351.7  27.9 11216.5  13.9
F12596-1529 78.7 11.17	 F12596-1529 1  4773.0   22.93 12.97  44.47 232 342  0.166  2.01 12.96 0.18  322.4  17.5  4859.2   8.7 12.96 0.20  456.8  17.5  4819.2   8.7
F13001-2339 106.0 11.56	 F13001-2339 4  6505.0   45.85 -2.09   1.20 240 325 -0.009  1.66  2.07 0.12  186.7  56.3  6503.8  28.2  2.06 0.14  334.0  56.3  6528.8  28.2
F13097-1531 44.8 10.84	 F13097-1531 1  2974.0   21.49  2.82  33.10 258 332 -0.052  2.59  2.43 0.10   59.9  19.0  2976.5   9.5  2.61 0.14  133.8  19.0  2946.8   9.5
F13126+2453 56.8 11.14	 F13126+2453 3  3346.0   38.22 -1.16   2.47 124 206 -0.017  1.59  1.14 0.12  151.5  11.8  3898.2  23.6  1.10 0.11  226.8  39.3  3899.7  19.7
F13136+6223 142.0 11.81	 F13136+6223 1  9312.0   40.78  2.33  13.32 227 314  0.103  1.45  2.31 0.14  365.6  73.5  9403.9  36.8  2.32 0.16  508.1  73.5  9362.7  36.8
F13182+3424 110.0 11.73	 F13182+3424 4  6982.0   89.36 -1.36   2.44 234 336  0.210  0.99  1.12 0.08  244.4   7.8  6918.1   3.9  1.38 0.08  267.3   7.9  6921.0   4.0
F13188+0036 90.8 11.27	 F13188+0036 1  5576.0   22.93  5.51  20.58 244 350  0.085  2.10  5.45 0.22  422.3  15.2  5566.6   7.6  5.45 0.22  473.6  15.2  5562.3   7.6
F13197-1627 82.2 11.28	 F13197-1627 2  4959.0   45.85  0.80   6.07 238 326  0.210  1.70  0.79 0.12  202.1  24.2  5009.7  38.5  0.79 0.16  372.5 175.0  5021.9  87.5
F13229-2934 60.9 11.30	 F13229-2934 1  4104.0   22.93  7.71  66.49 265 324  0.280  2.61  7.71 0.15  127.2   4.7  4108.1   2.3  7.71 0.16  169.8   4.7  4097.1   2.3
F13301-2356 82.4 11.15	 F13301-2356 1  4887.0   22.93  4.72  22.36 247 338  0.006  2.41  4.68 0.19  249.4  61.1  4842.0  30.6  4.68 0.24  427.8  43.6  4887.7  21.8
F13362+4831 129.0 11.56	 F13362+4831 0  8352.0   44.76  0.00   0.00   0   0  0.099  1.47  0.00 0.00    0.0   0.0     0.0   0.0  0.00 0.00    0.0   0.0     0.0   0.0
F13373+0105 108.5 11.62	 F13373+0105 1  6745.0   22.93 12.50  35.05 222 345  0.065  2.03 12.45 0.23  473.6   8.9  6793.6   4.5 12.45 0.22  524.5   9.0  6797.7   4.5
F13428+5608 173.0 12.21	 F13428+5608 4 11326.0   89.04 -5.23   1.61 226 377  0.130  1.02  5.23 0.13  561.4  19.8 11321.3   9.9  5.22 0.12  629.0  19.8 11295.8   9.9
F13470+3530 81.4 11.15	 F13470+3530 1  5031.0   22.93 12.92  49.68 236 353  0.025  1.94 12.87 0.21  434.1   7.5  5035.8   3.7 12.88 0.20  479.5   7.5  5026.9   3.7
F13497+0220 155.0 11.66	 F13497+0220 1  9905.0   45.85  6.57  20.13 226 351  0.083  1.45  6.56 0.16  435.5  23.8  9893.6  11.9  6.56 0.16  550.9  23.8  9916.2  11.9
F13564+3741 58.7 11.08	 F13564+3741 1  3469.0   22.93 19.55  51.85 216 363  0.145  2.13 19.50 0.25  543.2  12.6  3474.4   6.3 19.51 0.25  636.6  12.6  3472.0   6.3
F14179+4927 120.0 11.39	 F14179+4927 1  7714.0  166.47  0.36   3.20 246 321  0.011  0.72  0.35 0.04  105.8 223.6  7785.7 111.8  0.36 0.07  365.0 223.6  7687.8 111.8
F14280+3126 60.2 11.13	 F14280+3126 1  3562.0   22.93  4.52  19.64 249 342  0.035  1.83  4.51 0.16  300.6  23.1  3568.8  11.6  4.54 0.17  374.2  21.5  3573.9  10.8
F14348-1447 387.0 12.39	 F14348-1447 0 24802.0   91.73  0.00   0.00   0   0  0.102  1.33  0.00 0.00    0.0   0.0     0.0   0.0  0.00 0.00    0.0   0.0     0.0   0.0
F14423-2039 67.1 11.15	 F14423-2039 1  4119.0   22.93 17.96  50.36 225 363  0.090  2.40 17.92 0.26  458.6  21.8  4105.6  10.9 17.92 0.28  608.9  18.9  4094.9   9.4
F14547+2449 157.0 11.74	 F14547+2449 1 10091.0   35.52  7.52  23.32 249 370  0.119  1.72  7.50 0.18  429.9  28.8  9997.2  14.4  7.50 0.19  533.8  18.6 10007.3   9.3
F15107+0724 65.4 11.35	 F15107+0724 3  3894.0   45.85 -2.04   2.23 256 326  0.019  1.34  1.81 0.13  125.2   7.0  3899.1   8.2  2.05 0.09  219.4  22.4  3891.0  11.2
F15163+4255 183.0 11.92	 F15163+4255 2 12049.0  152.92  0.66   4.78 226 330  0.063  0.74  0.65 0.09  284.3  30.6 12151.7 112.1  0.64 0.07  387.4  64.8 12132.8  32.4
F15250+3608 254.0 12.08	 F15250+3608 4 16534.0   99.38 -0.50   2.08 210 280  0.094  0.95  0.67 0.10  356.1  38.7 16656.0  19.3  0.67 0.10  425.6  41.8 16653.3  20.9
F15276+1309 67.1 11.14	 F15276+1309 1  4002.0   22.93  5.20  32.33 261 321  0.195  1.97  5.18 0.14  193.1   4.3  4011.4   2.1  5.17 0.14  220.6   4.5  4011.5   2.2
F15327+2340 87.9 12.28	 F15327+2340 4  5432.0   45.86 -21.47  1.09 205 381  0.339  1.69 21.22 0.16  324.6  11.7  5462.7   5.8 21.20 0.19  558.9  12.2  5431.5   6.1
F15437+0234 64.4 11.13	 F15437+0234 2  3837.0   45.85  4.32  31.34 250 342  0.101  1.42  2.98 0.11  100.2   3.0  3883.7   3.5  4.33 0.11  279.4  24.2  3854.9  12.1
F16030+2040 77.6 11.09	 F16030+2040 1  4737.0   22.93 10.20  32.04 235 343  0.229  2.06 10.15 0.20  358.7  13.9  4749.7   7.0 10.17 0.21  446.2  14.5  4752.6   7.3
F16104+5235 137.0 11.58	 F16104+5235 1  8784.0   45.56  6.69  32.19 228 324  0.074  1.39  5.66 0.11  223.7  11.0  8859.5   5.5  6.48 0.13  383.5   8.4  8904.6   4.2
F16164-0746 128.0 11.62	 F16164-0746 0  8139.0   44.10  0.00   0.00   0   0  0.000  1.64  0.00 0.00    0.0   0.0     0.0   0.0  0.00 0.00    0.0   0.0     0.0   0.0
F16284+0411 116.0 11.45	 F16284+0411 1  7342.0   39.96  2.40  15.79 237 321 -0.020  1.69  2.37 0.12  190.7  30.5  7397.3  15.3  2.33 0.13  272.4  28.5  7405.1  14.2
F16399-0937 128.0 11.63	 F16399-0937 1  8097.0   33.28  2.84  17.00 235 338 -0.080  2.01  2.60 0.13  151.4  78.9  8107.8  39.5  2.65 0.19  370.6  79.0  8046.3  39.5
F16443-2915 100.0 11.37	 F16443-2915 1  6260.0   22.93  5.64  38.44 242 313 -0.044  2.62  4.60 0.16  140.2   7.6  6285.6   3.8  5.61 0.21  279.7   5.6  6337.8   2.8
F16504+0228 116.0 11.93	 F16504+0228 3  7339.0   29.45 -7.51   3.70 174 368  0.851  2.27  6.42 0.21  266.5   6.9  7294.4  14.0  7.54 0.24  491.2  50.9  7309.5  25.4
F16516-0948 107.0 11.31	 F16516-0948 1  6754.0   44.10  8.83  34.20 213 325  0.024  1.54  8.74 0.14  310.8  15.3  6833.7   7.7  8.82 0.15  423.4  14.3  6856.0   7.1
F16577+5900 85.7 11.37	 F16577+5900 5  5498.0   45.88  4.78  14.26 190 372  0.158  1.52  4.52 0.21  717.6  13.0  5496.5   6.5  4.75 0.22  917.7 149.7  5591.6  74.9
F17132+5313 232.0 11.96	 F17132+5313 1 15268.0   80.92  2.35   8.71 237 344  0.098  1.01  2.35 0.11  416.1  58.7 15309.7  29.3  2.34 0.12  549.0  58.7 15275.7  29.3
F17138-1017 84.0 11.49	 F17138-1017 2  5195.0   22.93  4.08  27.50 260 345 -0.048  2.13  3.81 0.15  151.6   4.7  5166.9   6.7  3.95 0.15  237.4  17.9  5158.3   8.9
F17207-0014 198.0 12.46	 F17207-0014 4 12834.0   65.12 -5.86   1.36 216 385  0.112  1.32  5.86 0.17  614.1  38.5 12809.7  19.2  5.86 0.17  732.8  38.5 12810.5  19.2
F17530+3447 77.5 11.11	 F17530+3447 1  4881.0   45.86  3.41  13.41 241 344  0.028  1.42  3.41 0.14  382.1  10.4  4867.5   5.2  3.38 0.14  415.8  10.4  4867.3   5.2
F17548+2401 93.4 11.20	 F17548+2401 1  5942.0   45.54  0.70   8.66 270 322  0.164  1.60  0.72 0.08  105.8  39.7  5949.7  19.8  0.71 0.10  163.7  39.7  5926.4  19.8
17578-0400 68.5 11.48	 F17578-0400 1  4209.0   22.93 14.73  48.32 238 395  0.206  2.34 12.60 0.20  293.9  18.5  4256.9   9.3 14.70 0.28  645.2  37.2  4113.8  18.6
18090+0130 134.0 11.65	 F18090+0130 2  8661.0   66.08  3.22  13.49 230 345  0.066  1.48  3.32 0.16  310.4  12.0  8660.2  29.0  3.21 0.16  495.0  63.9  8681.8  32.0
F18131+6820 94.3 11.29	 F18131+6820 1  6191.0   45.88  6.17  17.75 224 371 -0.098  1.58  6.18 0.17  419.0  52.4  6239.4  26.2  6.17 0.18  560.7  28.3  6209.8  14.2
F18145+2205 88.1 11.18	 F18145+2205 2  5597.0   45.86  2.56  13.43 259 370 -0.152  1.53  2.54 0.16  219.1  11.0  5567.4  16.2  2.51 0.13  311.3  32.1  5543.7  16.0
F18293-3413 86.0 11.88	 F18293-3413 1  5447.0   22.93  6.40  37.32 235 322  0.521  3.03  6.23 0.21  185.8  21.3  5472.5  10.6  6.19 0.24  275.8  20.8  5492.8  10.4
F18329+5950 129.5 11.65	 F18329+5950 1  8649.0   45.41  8.23  27.04 243 368  0.124  1.59  8.21 0.17  432.2  21.0  8585.4  10.5  8.22 0.18  538.4  12.5  8597.3   6.3
F18425+6036 62.4 11.12	 F18425+6036 2  3963.0   68.82  5.82  44.44 239 336  0.087  1.18  4.94 0.12  110.9   2.1  3956.8   2.6  5.73 0.08  218.0   9.2  3979.8   4.6
F19115-2124 222.0 11.93	 F19115-2124 2 14606.0   91.73  0.73   5.82 240 341 -0.198  1.15  0.73 0.15  296.5  51.6 14530.1 167.6  0.74 0.10  311.2 323.4 14730.2 161.7
F19120+7320 113.0 11.49	 F19120+7320 2  7498.0   22.94  5.67  32.10 247 333  0.055  1.88  5.58 0.18  184.4   4.6  7507.5  10.6  5.67 0.15  282.9  14.0  7511.6   7.0
F19297-0406 395.0 12.45	 F19297-0406 0 25701.0   91.71  0.00   0.00   0   0  0.280  1.64  0.00 0.00    0.0   0.0     0.0   0.0  0.00 0.00    0.0   0.0     0.0   0.0
19542+1110 295.0 12.12	 F19542+1110 0 19472.0   68.80  0.00   0.00   0   0  0.140  1.23  0.00 0.00    0.0   0.0     0.0   0.0  0.00 0.00    0.0   0.0     0.0   0.0
F20221-2458 50.1 11.11	 F20221-2458 1  3190.0   22.93 47.09 176.65 249 352  0.107  2.30 46.99 0.20  307.6   2.4  3170.1   1.2 46.91 0.21  373.4   2.4  3156.6   1.2
20264+2533 64.2 11.11	 F20264+2533 1  4167.0   22.93  4.24  32.74 227 322 -0.025  2.48  3.96 0.18  205.4  15.8  4292.2   7.9  4.18 0.20  300.6  65.2  4267.7  32.6
F20304-0211 89.1 11.32	 F20304-0211 1  5879.0   22.93 17.46  58.57 196 336  0.145  2.13 17.43 0.24  473.0  13.6  6016.4   6.8 17.45 0.24  585.6  13.6  6000.5   6.8
20351+2521 151.0 11.61	 F20351+2521 1 10100.0   45.86  2.68  13.52 224 316  0.110  1.54  2.68 0.13  255.1  46.8 10168.1  23.4  2.68 0.14  364.7  29.9 10200.1  15.0
F20550+1655 161.0 11.94	 F20550+1655 1 10820.0   38.22  2.78  15.31 254 333  0.074  1.60  2.76 0.12  210.7  32.4 10822.3  16.2  2.78 0.14  327.9  28.9 10826.6  14.4
21101+5810 174.0 11.81	 F21101+5810 0 11704.0   91.76  0.00   0.00   0   0 -0.026  1.18  0.00 0.00    0.0   0.0     0.0   0.0  0.00 0.00    0.0   0.0     0.0   0.0
F21453-3511 72.7 11.42	 F21453-3511 5  4842.0   45.86  0.35  12.85 219 324  0.279  1.86  1.60 0.17  310.3  61.0  4943.3  30.5  1.63 0.18  441.3  66.3  4941.0  33.2
F22118-2742 77.3 11.08	 F22118-2742 1  5216.0   22.93  8.66  37.21 234 330  0.037  2.42  8.64 0.23  355.1  12.2  5281.4   6.1  8.64 0.23  416.7  12.2  5262.9   6.1
F22287-1917 110.0 11.34	 F22287-1917 1  7507.0   42.99  3.62  14.99 214 335  0.056  1.54  3.61 0.15  360.3 100.2  7538.8  50.1  3.60 0.16  498.8  43.3  7596.0  21.6
F22389+3359 93.5 11.35	 F22389+3359 2  6413.0   45.87  2.23  12.80 240 333  0.032  1.53  2.04 0.12  183.7   8.8  6433.2  15.6  2.20 0.14  368.8  80.9  6492.2  40.5
F22491-1808 351.0 12.20	 F22491-1808 0 23312.0   91.72  0.00   0.00   0   0  0.010  1.25  0.00 0.00    0.0   0.0     0.0   0.0  0.00 0.00    0.0   0.0     0.0   0.0
F23007+0836 70.8 11.65	 F23007+0836 5  4890.0   57.33  2.45  16.44 237 349  0.235  1.39  2.45 0.11  253.4  53.5  4908.0  26.7  2.43 0.13  406.4  53.5  4859.5  26.7
F23024+1916 109.0 11.38	 F23024+1916 1  7522.0   53.02  1.68  10.54 256 352  0.089  1.47  1.65 0.09  145.3  62.1  7502.3  31.1  1.66 0.12  306.7  62.1  7491.0  31.1
F23135+2517 119.0 11.60	 F23135+2517 1  8220.0   67.36  2.78  14.22 256 339  0.030  1.16  2.77 0.10  298.1  12.5  8200.4   6.2  2.77 0.10  350.1  12.5  8198.7   6.2
F23157-0441 106.0 11.40	 F23157-0441 1  7327.0   68.79  1.70  20.66 282 344  0.096  1.26  1.69 0.04   42.5  21.6  7251.5  10.8  1.70 0.09  209.4   8.6  7198.1   4.3
F23157+0618 71.4 11.12	 F23157+0618 1  4956.0   22.93 20.37  92.65 240 349  0.107  1.85 20.38 0.18  369.8   2.4  4966.5   1.2 20.34 0.18  413.6   2.4  4958.7   1.2
F23254+0830 125.0 11.56	 F23254+0830 1  8670.0   61.15  4.63  23.12 186 304  0.232  1.24  4.61 0.06   82.0  59.7  8678.9  29.9  4.60 0.12  422.4  59.7  8822.7  29.9
23262+0314 73.8 11.11	 F23262+0314 1  5135.0   22.93  9.82  52.71 253 330  0.111  2.00  9.78 0.16  236.0   6.9  5129.8   3.4  9.78 0.16  292.2   6.9  5145.2   3.4
F23365+3604 287.0 12.20	 F23365+3604 3 19331.0  136.18 -0.47   0.45 271 343  0.096  0.91  0.44 0.07  193.0  23.4 19294.0 119.2  0.44 0.08  343.7 192.0 19346.5  96.0
F23394-0353 100.0 11.27	 F23394-0353 1  6964.0   22.93 10.95  52.12 242 391  0.017  1.90  9.81 0.16  254.4  23.2  6888.5  11.6 10.83 0.18  400.0  23.2  6932.1  11.6
23436+5257 149.0 11.57	 F23436+5257 1 10232.0   82.20  1.15   9.70 249 332  0.025  1.07  1.15 0.07  161.7  29.8 10238.9  14.9  1.15 0.08  241.6  35.2 10248.4  17.6
F23444+2911 73.6 11.07	 F23444+2911 1  4845.0   22.94 26.90  89.20 174 316  0.100  2.93 26.84 0.29  378.9   4.9  5158.7   2.4 26.80 0.29  431.1   4.9  5144.0   2.4
F23488+1949 61.2 11.40	 F23488+1949 1  4275.0   18.47 18.82  49.27 202 366  0.188  2.23 18.77 0.25  472.7  19.7  4278.8   9.8 18.77 0.26  617.4  19.7  4299.3   9.8
F23488+2018 79.3 11.50	 F23488+2018 1  5540.0   22.93 14.13  52.73 271 365  0.096  1.81 14.09 0.17  343.5   3.4  5408.8   1.7 14.11 0.17  377.6   3.4  5416.1   1.7
