Scan:    106      F04191-1855 2010-05-15 +17 50 56.0
         OPTICAL                 Jy    
        km/s-BAR                 I
   11061.1525373487584147     -6.2915068
   11056.3049797357798525     -5.4603763
   11051.4575733093188319     -4.7380271
   11046.6103180623813387     -4.1009502
   11041.7632139879151509     -3.5463927
   11036.9162610787952872     -3.0431991
   11032.0694593279658875     -2.6092317
   11027.2228087284383946     -2.2434931
   11022.3763092730205244     -1.8993546
   11017.5299609547273576     -1.6063660
   11012.6837637663666101     -1.3633610
   11007.8377177009497245     -1.1439884
   11002.9918227515536273     -0.9475999
   10998.1460789108550671     -0.7907417
   10993.3004861719309702     -0.6528847
   10988.4550445276618120     -0.5338874
   10983.6097539710535784     -0.4275583
   10978.7646144949194422     -0.3395285
   10973.9196260923345108     -0.2679575
   10969.0747887561137759     -0.2056723
   10964.2301024791977397     -0.1550060
   10959.3855672546633286     -0.1089345
   10954.5411830752527749     -0.0725373
   10949.6969499341157643     -0.0442207
   10944.8528678239254077     -0.0219613
   10940.0089367378914176      0.0009061
   10935.1651566686923616      0.0148077
   10930.3215276095415902      0.0293823
   10925.4780495531103952      0.0351834
   10920.6347224925502815      0.0452427
   10915.7915464205962053      0.0488897
   10910.9485213303323690      0.0543555
   10906.1056472146992746      0.0591986
   10901.2629240665773978      0.0578119
   10896.4203518790400267      0.0593425
   10891.5779306447657291      0.0580729
   10886.7356603569642175      0.0590556
   10881.8935410083813622      0.0596199
   10877.0515725921595731      0.0617172
   10872.2097551010429015      0.0603061
   10867.3680885280446091      0.0592579
   10862.5265728661725007      0.0590893
   10857.6852081083015946      0.0623254
   10852.8439942473814881      0.0581838
   10848.0029312764163478      0.0577015
   10843.1620191882866493      0.0606110
   10838.3212579759383516      0.0555433
   10833.4806476323774405      0.0574180
   10828.6401881504843914      0.0608011
   10823.7998795232706470      0.0595572
   10818.9597217436075880      0.0576549
   10814.1197148045139329      0.0571806
   10809.2798586989247269      0.0586535
   10804.4401534197259025      0.0600027
   10799.6005989599871100      0.0558379
   10794.7611953125233413      0.0555162
   10789.9219424704133417      0.0599225
   10785.0828404264611891      0.0601367
   10780.2438891737492668      0.0592385
   10775.4050887051544123      0.0624772
   10770.5664390136844304      0.0612808
   10765.7279400922834611      0.0608371
   10760.8895919338337990      0.0595540
   10756.0513945314069133      0.0578165
   10751.2133478778159770      0.0582820
   10746.3754519662015809      0.0624162
   10741.5377067893132335      0.0586615
   10736.7001123402224039      0.0592034
   10731.8626686118113867      0.0597277
   10727.0253755972207728      0.0599112
   10722.1882332891273109      0.0588578
   10717.3512416806788679      0.0590044
   10712.5144007648796105      0.0605476
   10707.6777105344772281      0.0586004
   10702.8411709826177685      0.0586664
   10698.0047821021744312      0.0585688
   10693.1685438861586590      0.0601387
   10688.3324563274491084      0.0599352
   10683.4965194190554030      0.0598334
   10678.6607331539871666      0.0586444
   10673.8250975250557531      0.0596686
   10668.9896125254053914      0.0601169
   10664.1542781479110999      0.0591638
   10659.3190943855206569      0.0617108
   10654.4840612311745645      0.0591802
   10649.6491786779515678      0.0563232
   10644.8144467187303235      0.0563218
   10639.9798653464495146      0.0551773
   10635.1454345541242219      0.0557778
   10630.3111543347622501      0.0581285
   10625.4770246811767720      0.0589425
   10620.6430455864447140      0.0589986
   10615.8092170435738808      0.0579910
   10610.9755390453774453      0.0574439
   10606.1420115849959984      0.0593881
   10601.3086346553100157      0.0585507
   10596.4754082493291207      0.0632166
   10591.6423323599301511      0.0623245
   10586.8094069801900332      0.0611644
   10581.9766321029874234      0.0565643
   10577.1440077213283075      0.0588211
   10572.3115338282314042      0.0572495
   10567.4792104165644560      0.0589511
   10562.6470374794116651      0.0591516
   10557.8150150097117148      0.0596797
   10552.9831430004142021      0.0589829
   10548.1514214444596291      0.0590729
   10543.3198503348558006      0.0579760
   10538.4884296645504946      0.0587873
   10533.6571594266206375      0.0580309
   10528.8260396139412478      0.0599224
   10523.9950702194582846      0.0612728
   10519.1642512362486741      0.0601285
   10514.3335826572529186      0.0594967
   10509.5030644754206151      0.0595710
   10504.6726966836904467      0.0613774
   10499.8424792751429777      0.0580626
   10495.0124122426532267      0.0606877
   10490.1824955792981200      0.0619921
   10485.3527292779544950      0.0602733
   10480.5231133317029162      0.0594800
   10475.6936477334857045      0.0605032
   10470.8643324761778786      0.0587313
   10466.0351675529254862      0.0602144
   10461.2061529566053650      0.0585149
   10456.3772886802253197      0.0596537
   10451.5485747167331283      0.0580036
   10446.7200110592038982      0.0588700
   10441.8915977005162858      0.0593521
   10437.0633346337435796      0.0599442
   10432.2352218517680740      0.0580237
   10427.4072593476630573      0.0587415
   10422.5794471143726696      0.0582123
   10417.7517851448428701      0.0592248
   10412.9242734321487660      0.0588395
   10408.0969119691690139      0.0605072
   10403.2697007490460237      0.0604780
   10398.4426397645911493      0.0588603
   10393.6157290088813170      0.0586937
   10388.7889684749279695      0.0571502
   10383.9623581556061254      0.0592802
   10379.1358980439963489      0.0579466
   10374.3095881331046257      0.0580450
   10369.4834284158769151      0.0588448
   10364.6574188852591760      0.0602068
   10359.8315595343919995      0.0566757
   10355.0058503560176177      0.0572578
   10350.1802913434185029      0.0570674
   10345.3548824893368874      0.0588909
   10340.5296237869133620      0.0574179
   10335.7045152290284022      0.0589427
   10330.8795568087571155      0.0572006
   10326.0547485191764281      0.0581591
   10321.2300903530322103      0.0599873
   10316.4055823036014772      0.0612427
   10311.5812243636264611      0.0596080
   10306.7570165262513910      0.0564229
   10301.9329587844204070      0.0590594
   10297.1090511312086164      0.0592152
   10292.2852935594964947      0.0571269
   10287.4616860622936656      0.0598243
   10282.6382286326752364      0.0616773
   10277.8149212635871663      0.0610141
   10272.9917639480390790      0.0618597
   10268.1687566789751145      0.0610575
   10263.3458994495358638      0.0565754
   10258.5231922525381378      0.0582533
   10253.7006350811207085      0.0593250
   10248.8782279281622323      0.0590093
   10244.0559707868051191      0.0590314
   10239.2338636499298445      0.0602330
   10234.4119065106078779      0.0607062
   10229.5900993618579378      0.0597130
   10224.7684421965495858      0.0586126
   10219.9469350078288699      0.0593252
   10215.1255777886417491      0.0572166
   10210.3043705319960281      0.0598753
   10205.4833132309031498      0.0601627
   10200.6624058783763758      0.0600708
   10195.8416484673543891      0.0595901
   10191.0210409908504516      0.0602349
   10186.2005834420069732      0.0606276
   10181.3802758137026103      0.0601354
   10176.5601180989469867      0.0589175
   10171.7401102908152097      0.0572847
   10166.9202523822568764      0.0581738
   10162.1005443662779726      0.0588347
   10157.2809862358881219      0.0592478
   10152.4615779841005860      0.0596922
   10147.6423196039886534      0.0583557
   10142.8232110884364374      0.0602399
   10138.0042524305790721      0.0608557
   10133.1854436233661545      0.0579911
   10128.3667846598073083      0.0603471
   10123.5482755329103384      0.0573281
   10118.7299162356885063      0.0595092
   10113.9117067611514358      0.0601091
   10109.0936471023087506      0.0586248
   10104.2757372522391961      0.0593244
   10099.4579772038850933      0.0595200
   10094.6403669502560660      0.0592042
   10089.8229064843635570      0.0580400
   10085.0055957992863114      0.0599472
   10080.1884348880339530      0.0595430
   10075.3714237434815004      0.0594546
   10070.5545623588386661      0.0583829
   10065.7378507269204420      0.0605451
   10060.9212888410020241      0.0611238
   10056.1048766938256449      0.0622104
   10051.2886142786028358      0.0597655
   10046.4725015882777370      0.0570006
   10041.6565386157926696      0.0567158
   10036.8407253543591651      0.0567266
   10032.0250617968540610      0.0596626
   10027.2095479363542836      0.0586125
   10022.3941837657366705      0.0593667
   10017.5789692782800557      0.0596673
   10012.7639044667921553      0.0561871
   10007.9489893244208361      0.0563246
   10003.1342238440374786      0.0598896
    9998.3196080187899497      0.0596737
    9993.5051418416878732      0.0563952
    9988.6908253057408729      0.0570851
    9983.8766584040258749      0.0589706
    9979.0626411294215359      0.0597242
    9974.2487734750720847      0.0570692
    9969.4350554339835071      0.0604780
    9964.6214869991690648      0.0586886
    9959.8080681636402005      0.0559518
    9954.9947989204083569      0.0594285
    9950.1816792625468224      0.0581306
    9945.3687091830688587      0.0600935
    9940.5558886750495731      0.0607394
    9935.7432177313658030      0.0600803
    9930.9306963452308992      0.0612544
    9926.1183245095198799      0.0590258
    9921.3061022173787933      0.0609701
    9916.4940294617445034      0.0602713
    9911.6821062357703340      0.0595840
    9906.8703325323258468      0.0589090
    9902.0587083444934251      0.0588979
    9897.2472336654118408      0.0606268
    9892.4359084879615693      0.0589381
    9887.6247328053505043      0.0609006
    9882.8137066103936377      0.0621957
    9878.0028298963625275      0.0622790
    9873.1921026560721657      0.0641772
    9868.3815248827286268      0.0660686
    9863.5710965691450838      0.0723334
    9858.7608177086658543      0.0701722
    9853.9506882940331707      0.0733440
    9849.1407083184567455      0.0745103
    9844.3308777749480214      0.0772349
    9839.5211966564511386      0.0789537
    9834.7116649561758095      0.0832543
    9829.9022826670006907      0.0877062
    9825.0930497820008895      0.0900228
    9820.2839662942533323      0.0878956
    9815.4750321967676427      0.0861596
    9810.6662474826262041      0.0857886
    9805.8576121447658807      0.0836998
    9801.0491261763345392      0.0812109
    9796.2407895703399845      0.0809205
    9791.4326023197954783      0.0792156
    9786.6245644177779468      0.0760869
    9781.8166758572951949      0.0767928
    9777.0089366314241488      0.0743532
    9772.2013467331780703      0.0708599
    9767.3939061556320667      0.0693922
    9762.5866148917993996      0.0682837
    9757.7794729346860549      0.0648500
    9752.9724802774362615      0.0692548
    9748.1656369130632811      0.0684392
    9743.3589428345094348      0.0688122
    9738.5523980349862541      0.0662326
    9733.7460025074360601      0.0653669
    9728.9397562449357793      0.0651415
    9724.1336592404950352      0.0644162
    9719.3277114871925733      0.0625404
    9714.5219129780380172      0.0614690
    9709.7162637061755959      0.0639578
    9704.9107636645494495      0.0643335
    9700.1054128463019879      0.0653872
    9695.3002112443773512      0.0626070
    9690.4951588519197685      0.0604972
    9685.6902556619388633      0.0598237
    9680.8855016674460785      0.0602374
    9676.0808968615165213      0.0607922
    9671.2764412372307561      0.0588664
    9666.4721347877275548      0.0596213
    9661.6679775058200903      0.0609832
    9656.8639693847180752      0.0598855
    9652.0601104175675573      0.0581642
    9647.2564005971762526      0.0605345
    9642.4528399168211763      0.0602064
    9637.6494283694501064      0.0600268
    9632.8461659481999959      0.0582690
    9628.0430526459513203      0.0586104
    9623.2400884559156111      0.0602366
    9618.4372733711024921      0.0610019
    9613.6346073845888895      0.0618007
    9608.8320904894517298      0.0594895
    9604.0297226786315150      0.0585714
    9599.2275039453434147      0.0566183
    9594.4254342824624473      0.0566349
    9589.6235136832674470      0.0558290
    9584.8217421406316134      0.0574392
    9580.0201196477701160      0.0574292
    9575.2186461975561542      0.0573731
    9570.4173217831994407      0.0564257
    9565.6161463977823587      0.0568065
    9560.8151200341762888      0.0558470
    9556.0142426857273676      0.0572723
    9551.2135143451778276      0.0533705
    9546.4129350058756245      0.0526611
    9541.6125046606921387      0.0572508
    9536.8122233027734183      0.0561940
    9532.0120909252000274      0.0564673
    9527.2121075209743140      0.0594044
    9522.4122730831822992      0.0595369
    9517.6125876048936334      0.0603716
    9512.8130510792561836      0.0576157
    9508.0136634991467872      0.0581097
    9503.2144248578406405      0.0610721
    9498.4153351482145808      0.0637213
    9493.6163943635474425      0.0618233
    9488.8176024967160629      0.0581693
    9484.0189595409301546      0.0593600
    9479.2204654890647362      0.0616257
    9474.4221203344004607      0.0607321
    9469.6239240699469519      0.0614158
    9464.8258766887120146      0.0613677
    9460.0279781838416966      0.0599614
    9455.2302285482783191      0.0633132
    9450.4326277753007162      0.0618974
    9445.6351758577820874      0.0645819
    9440.8378727889376023      0.0631266
    9436.0407185617095820      0.0604164
    9431.2437131693059200      0.0616576
    9426.4468566046707565      0.0619021
    9421.6501488610192609      0.0625119
    9416.8535899312882975      0.0600842
    9412.0571798086257331      0.0604842
    9407.2609184861721587      0.0579730
    9402.4648059568080498      0.0592512
    9397.6688422138086025      0.0572809
    9392.8730272501197760      0.0570789
    9388.0773610589494638      0.0605917
    9383.2818436331726843      0.0589136
    9378.4864749660719099      0.0594556
    9373.6912550506513071      0.0578650
    9368.8961838799259567      0.0588968
    9364.1012614471055713      0.0563547
    9359.3064877451306529      0.0556350
    9354.5118627671490685      0.0598276
    9349.7173865062341065      0.0593011
    9344.9230589555318147      0.0565698
    9340.1288801079845143      0.0589278
    9335.3348499568037369      0.0607724
    9330.5409684949336224      0.0607633
    9325.7472357155802456      0.0582347
    9320.9536516118278087      0.0587260
    9316.1602161766786594      0.0585736
    9311.3669294033497863      0.0571282
    9306.5737912847162079      0.0566216
    9301.7808018140513013      0.0570408
    9296.9879609843028447      0.0568247
    9292.1952687886805506      0.0584494
    9287.4027252201940428      0.0590227
    9282.6103302719202475      0.0581508
    9277.8180839370015747      0.0582254
    9273.0259862085167697      0.0560056
    9268.2340370795445779      0.0590105
    9263.4422365430909849      0.0576704
    9258.6505845923693414      0.0593709
    9253.8590812203892710      0.0586258
    9249.0677264202931838      0.0604442
    9244.2765201850925223      0.0596255
    9239.4854625079988182      0.0584002
    9234.6945533820198762      0.0583969
    9229.9037928002344415      0.0587056
    9225.1131807557867432      0.0606125
    9220.3227172416845860      0.0605391
    9215.5324022511395015      0.0600315
    9210.7422357771611132      0.0591180
    9205.9522178128972882      0.0585992
    9201.1623483513521933      0.0587677
    9196.3726273857391789      0.0580313
    9191.5830549090042041      0.0602544
    9186.7936309143533435      0.0585512
    9182.0043553949290072      0.0571584
    9177.2152283436807920      0.0574227
    9172.4262497538165917      0.0597071
    9167.6374196183442109      0.0622727
    9162.8487379304770002      0.0625793
    9158.0602046832227643      0.0597366
    9153.2718198697275511      0.0569616
    9148.4835834829991654      0.0582234
    9143.6954955163164414      0.0609106
    9138.9075559625562164      0.0623750
    9134.1197648149282031      0.0600888
    9129.3321220666439331      0.0596066
    9124.5446277105784247      0.0578237
    9119.7572817400105123      0.0599137
    9114.9700841479480005      0.0623925
    9110.1830349276042398      0.0602848
    9105.3961340719197324      0.0587136
    9100.6093815741078288      0.0596838
    9095.8227774271781527      0.0593758
    9091.0363216243385978      0.0618351
    9086.2500141586679092      0.0594093
    9081.4638550232430134      0.0585431
    9076.6778442112081393      0.0578968
    9071.8919817156383942      0.0587795
    9067.1062675296125235      0.0582331
    9062.3207016462747561      0.0610708
    9057.5352840587656829      0.0572575
    9052.7500147600967466      0.0560102
    9047.9648937434139953      0.0593906
    9043.1799210018598387      0.0586949
    9038.3950965285093844      0.0605698
    9033.6104203165759827      0.0593930
    9028.8258923589328333      0.0579171
    9024.0415126489260729      0.0571354
    9019.2572811795635062      0.0612848
    9014.4731979439930001      0.0580113
    9009.6892629352223594      0.0591714
    9004.9054761465285992      0.0574189
    9000.1218375708558597      0.0579478
    8995.3383472014120343      0.0604217
    8990.5550050312776875      0.0570220
    8985.7718110535952292      0.0567931
    8980.9887652615070692      0.0607813
    8976.2058676480246504      0.0616965
    8971.4231182063558663      0.0617029
    8966.6405169295812811      0.0594234
    8961.8580638107741834      0.0586119
    8957.0757588430824399      0.0592265
    8952.2936020197139442      0.0592934
    8947.5115933336128364      0.0574496
    8942.7297327779888292      0.0596658
    8937.9480203460516350      0.0587660
    8933.1664560306799103      0.0591260
    8928.3850398252816376      0.0558012
    8923.6037717227354733      0.0594621
    8918.8226517162511300      0.0599200
    8914.0416797989728366      0.0571991
    8909.2608559639775194      0.0606833
    8904.4801802044057695      0.0585845
    8899.6996525133399700      0.0583402
    8894.9192728840534983      0.0600835
    8890.1390413094231917      0.0601083
    8885.3589577827933681      0.0603290
    8880.5790222971754702      0.0572060
    8875.7992348457100888      0.0600928
    8871.0195954214777885      0.0571368
    8866.2401040176864626      0.0599945
    8861.4607606273475540      0.0600138
    8856.6815652437362587      0.0581228
    8851.9025178598658385      0.0597731
    8847.1236184688750654      0.0598358
    8842.3448670639791089      0.0592484
    8837.5662636381202901      0.0593577
    8832.7878081846411078      0.0612234
    8828.0095006964838831      0.0598730
    8823.2313411669292691      0.0589063
    8818.4533295889850706      0.0584931
    8813.6754659558610001      0.0581173
    8808.8977502606358030      0.0608296
    8804.1201824964518892      0.0627568
    8799.3427626564534876      0.0597728
    8794.5654907337175246      0.0552740
    8789.7883667214537127      0.0570259
    8785.0113906127389782      0.0588944
    8780.2345624007830338      0.0599023
    8775.4578820785973221      0.0579781
    8770.6813496393933747      0.0554526
    8765.9049650762444799      0.0588581
    8761.1287283823639882      0.0598888
    8756.3526395508270070      0.0588331
    8751.5766985747777653      0.0603954
    8746.8009054473604920      0.0589603
    8742.0252601617157779      0.0577381
    8737.2497627109914902      0.0598604
    8732.4744130882645550      0.0577324
    8727.6992112867410469      0.0597762
    8722.9241572994324088      0.0596717
    8718.1492511196865962      0.0589859
    8713.3744927404404734      0.0585884
    8708.5998821549092099      0.0612035
    8703.8254193563006993      0.0610712
    8699.0511043376263842      0.0603991
    8694.2769370920959773      0.0612223
    8689.5029176128537074      0.0606131
    8684.7290458930419845      0.0614928
    8679.9553219257395540      0.0598026
    8675.1817457041543094      0.0582029
    8670.4083172213631769      0.0583675
    8665.6350364705795073      0.0595980
    8660.8619034448765888      0.0573836
    8656.0889181374677719      0.0607725
    8651.3160805414954666      0.0608154
    8646.5433906500347803      0.0580098
    8641.7708484562972444      0.0554729
    8636.9984539532943018      0.0568057
    8632.2262071343684511      0.0561026
    8627.4541079925293161      0.0605814
    8622.6821565209866094      0.0601345
    8617.9103527128208952      0.0592738
    8613.1386965611727646      0.0560804
    8608.3671880593192327      0.0581421
    8603.5958272002699232      0.0594217
    8598.8246139772363676      0.0596868
    8594.0535483833609760      0.0586844
    8589.2826304117879772      0.0588265
    8584.5118600555979356      0.0581036
    8579.7412373081278929      0.0578537
    8574.9707621622583247      0.0593952
    8570.2004346113990323      0.0582598
    8565.4302546484923369      0.0600472
    8560.6602222668170725      0.0587977
    8555.8903374595156492      0.0618696
    8551.1206002196649933      0.0607319
    8546.3510105405439390      0.0594763
    8541.5815684150929883      0.0618834
    8536.8122738367219426      0.0590484
    8532.0431267983785801      0.0596817
    8527.2741272934017616      0.0596593
    8522.5052753147410840      0.0583851
    8517.7365708556662867      0.0599627
    8512.9680139093925391      0.0595199
    8508.1996044688603433      0.0590808
    8503.4313425274831388      0.0590974
    8498.6632280782669113      0.0581013
    8493.8952611144268303      0.0594518
    8489.1274416290998488      0.0577643
    8484.3597696154374717      0.0599534
    8479.5922450665129873      0.0618556
    8474.8248679756670754      0.0578244
    8470.0576383359129977      0.0584235
    8465.2905561404622858      0.0568890
    8460.5236213825210143      0.0585282
    8455.7568340551042638      0.0568427
    8450.9901941515508952      0.0560749
    8446.2237016649414727      0.0609013
    8441.4573565884165873      0.0596917
    8436.6911589151204680      0.0604800
    8431.9251086383337679      0.0621941
    8427.1592057510606537      0.0580155
    8422.3934502465162950      0.0603320
    8417.6278421179740690      0.0575506
    8412.8623813584472373      0.0590343
    8408.0970679612764798      0.0605301
    8403.3319019194059365      0.0591438
    8398.5668832261817442      0.0579968
    8393.8020118746098888      0.0605015
    8389.0372878580383258      0.0580292
    8384.2727111694748601      0.0532496
    8379.5082818021965068      0.0564312
    8374.7439997492801922      0.0473896
    8369.9798650039374479      0.0414697
    8365.2158775593743485      0.0347595
    8360.4520374086732772      0.0218289
    8355.6883445451076113      0.0113570
    8350.9247989617542771     -0.0054066
    8346.1614006518921087     -0.0243188
    8341.3981496085289109     -0.0450890
    8336.6350458250090014     -0.0710332
    8331.8720892943438230     -0.1037856
    8327.1092800098103908     -0.1420939
    8322.3466179646165983     -0.1927136
    8317.5841031517738884     -0.2432817
    8312.8217355646265787     -0.3114987
    8308.0595151962515956     -0.3910793
    8303.2974420398550137     -0.4822969
    8298.5355160885210353     -0.5878534
    8293.7737373355867021     -0.7119474
    8289.0121057741307595     -0.8545007
    8284.2506213973665581     -1.0213017
    8279.4892841983655671     -1.2137870
    8274.7280941704084398     -1.4346436
    8269.9670513067067077     -1.6871086
    8265.2061556003318401     -1.9787794
    8260.4454070444971876     -2.3087270
    8255.6848056324124627     -2.6865199
    8250.9243513572237134     -3.1143994
