Scan:     21      F08339+6517 2010-05-20 +21 07 16.0
         OPTICAL                 Jy    
        km/s-BAR                 I
    7104.6049947166147831      0.0941854
    7099.8798190056495514      0.0910361
    7095.1547887958868159      0.0883968
    7090.4299040805362893      0.0712003
    7085.7051648529413796      0.0734573
    7080.9805711063791023      0.0906825
    7076.2561228340582602      0.1009010
    7071.5318200293913833      0.1111054
    7066.8076626855181530      0.1132646
    7062.0836507958520087      0.1067620
    7057.3597843536008440      0.1090273
    7052.6360633520416741      0.1561155
    7047.9124877844524235      0.1694276
    7043.1890576441765006      0.1566132
    7038.4657729244217990      0.1657372
    7033.7426336184662432      0.1724440
    7029.0196397197205442      0.1726128
    7024.2967912213271120      0.1820744
    7019.5740881166302643      0.1863146
    7014.8515303989724998      0.1861041
    7010.1291180615626217      0.1947711
    7005.4068510976803736      0.1984655
    7000.6847295006673448      0.2009981
    6995.9627532637996410      0.2012362
    6991.2409223802878842      0.2117930
    6986.5192368435427852      0.2096715
    6981.7976966467740567      0.2111107
    6977.0763017833241975      0.2070083
    6972.3550522464711321      0.2103554
    6967.6339480294227542      0.2124477
    6962.9129891255915936      0.2169627
    6958.1921755281873629      0.2172820
    6953.4715072305507420      0.2141659
    6948.7509842258950812      0.2157802
    6944.0306065075619699      0.2179778
    6939.3103740688957259      0.2151453
    6934.5902869031051523      0.2163948
    6929.8703450035327478      0.2188785
    6925.1505483634582561      0.2203228
    6920.4308969761568733      0.2206599
    6915.7113908349710982      0.2180450
    6910.9920299331788556      0.2208832
    6906.2728142640553415      0.2191259
    6901.5537438208784806      0.2186030
    6896.8348185969916813      0.2210667
    6892.1160385856710491      0.2184888
    6887.3974037801926897      0.2217762
    6882.6789141739682236      0.2185239
    6877.9605697601400607      0.2206854
    6873.2423705320516092      0.2195460
    6868.5243164831117610      0.2218039
    6863.8064076064665642      0.2237009
    6859.0886438954566984      0.2228356
    6854.3710253434264814      0.2191750
    6849.6535519436529285      0.2217576
    6844.9362236894785383      0.2207603
    6840.2190405741148425      0.2248841
    6835.5020025909698234      0.2187661
    6830.7851097332550125      0.2228070
    6826.0683619942456062      0.2224897
    6821.3517593674205273      0.2191400
    6816.6353018459212763      0.2198748
    6811.9189894230912614      0.2217517
    6807.2028220922084074      0.2189813
    6802.4867998466816061      0.2246762
    6797.7709226797205702      0.2213999
    6793.0551905846696172      0.2210770
    6788.3396035548048530      0.2210389
    6783.6241615834705954      0.2229279
    6778.9088646639411309      0.2205445
    6774.1937127896280799      0.2206390
    6769.4787059536083689      0.2230232
    6764.7638441494245853      0.2222658
    6760.0491273702218677      0.2205864
    6755.3345556094072890      0.2201609
    6750.6201288602596833      0.2242839
    6745.9058471160542467      0.2211901
    6741.1917103702016902      0.2205480
    6736.4777186159117264      0.2229620
    6731.7638718465286729      0.2212889
    6727.0501700553277260      0.2179660
    6722.3366132357205061      0.2220328
    6717.6232013809158161      0.2251399
    6712.9099344842561550      0.2260770
    6708.1968125390876594      0.2209541
    6703.4838355387500997      0.2181640
    6698.7710034764568263      0.2207092
    6694.0583163455494287      0.2214393
    6689.3457741394367986      0.2217070
    6684.6333768513304676      0.2216175
    6679.9211244745738441      0.2246073
    6675.2090170025103362      0.2197235
    6670.4970544284151401      0.2219375
    6665.7852367456334832      0.2212645
    6661.0735639474405616      0.2211549
    6656.3620360271788741      0.2214665
    6651.6506529781936479      0.2199934
    6646.9394147938282913      0.2192002
    6642.2283214672925169      0.2212561
    6637.5173729919952166      0.2178856
    6632.8065693612124960      0.2219696
    6628.0959105682904919      0.2202963
    6623.3853966065698842      0.2214233
    6618.6750274693285974      0.2229367
    6613.9648031499091303      0.2252822
    6609.2547236415884981      0.2223939
    6604.5447889377774118      0.2217153
    6599.8349990316846743      0.2220675
    6595.1253539167200870      0.2219024
    6590.4158535861624841      0.2200885
    6585.7064980334853317      0.2194912
    6580.9972872517673750      0.2179911
    6576.2882212344193249      0.2214105
    6571.5792999748482544      0.2226952
    6566.8705234663339070      0.2229081
    6562.1618917021496600      0.2224018
    6557.4534046757089527      0.2179448
    6552.7450623802196787      0.2233032
    6548.0368648091580326      0.2222492
    6543.3288119557364553      0.2249553
    6538.6209038133611102      0.2219412
    6533.9131403753117411      0.2210533
    6529.2055216349308466      0.2218545
    6524.4980475854945325      0.2228570
    6519.7907182204135097      0.2232394
    6515.0835335330302769      0.2214332
    6510.3764935165554562      0.2216434
    6505.6695981644643325      0.2220397
    6500.9628474699684375      0.2232383
    6496.2562414264784820      0.2210674
    6491.5497800272687527      0.2203256
    6486.8434632658154442      0.2210869
    6482.1372911351982111      0.2203989
    6477.4312636289587317      0.2195142
    6472.7253807403076280      0.2204634
    6468.0196424626528824      0.2195057
    6463.3140487892733290      0.2206956
    6458.6085997135778598      0.2187755
    6453.9032952288425804      0.2204193
    6449.1981353284791112      0.2218378
    6444.4931200056953458      0.2227530
    6439.7882492539038140      0.2231069
    6435.0835230664442861      0.2158493
    6430.3789414366628989      0.2197611
    6425.6745043579021512      0.2205815
    6420.9702118234390582      0.2210845
    6416.2660638266161186      0.2194624
    6411.5620603608431338      0.2191418
    6406.8582014193980285      0.2231858
    6402.1544869956896946      0.2179612
    6397.4509170829942377      0.2225598
    6392.7474916747223688      0.2239974
    6388.0442107640838003      0.2223664
    6383.3410743445556363      0.2213608
    6378.6380824093475894      0.2223287
    6373.9352349519358540      0.2233870
    6369.2325319655965359      0.2222198
    6364.5299734436748622      0.2211360
    6359.8275593795124223      0.2221306
    6355.1252897664535340      0.2214589
    6350.4231645978397864      0.2205893
    6345.7211838670828001      0.2211041
    6341.0193475673922876      0.2195629
    6336.3176556922435338      0.2234148
    6331.6161082349162825      0.2211935
    6326.9147051887493944      0.2209636
    6322.2134465471563090      0.2215465
    6317.5123323034113128      0.2210247
    6312.8113624508596331      0.2218722
    6308.1105369829101619      0.2245833
    6303.4098558929053979      0.2261388
    6298.7093191741896590      0.2227268
    6294.0089268200399601      0.2212155
    6289.3086788238661029      0.2199696
    6284.6085751789423739      0.2205218
    6279.9086158787486056      0.2245883
    6275.2088009165599942      0.2248478
    6270.5091302857190385      0.2218390
    6265.8096039796382684      0.2202076
    6261.1102219915901514      0.2245269
    6256.4109843149881272      0.2229229
    6251.7118909431728753      0.2200042
    6247.0129418694241394      0.2206132
    6242.3141370872153857      0.2212042
    6237.6154765898254482      0.2220624
    6232.9169603705959162      0.2209394
    6228.2185884229375006      0.2225813
    6223.5203607401945192      0.2224894
    6218.8222773157067422      0.2252779
    6214.1243381428212160      0.2240451
    6209.4265432148795298      0.2196979
    6204.7288925252923946      0.2233664
    6200.0313860674013995      0.2215845
    6195.3340238345517719      0.2201982
    6190.6368058200187079      0.2251499
    6185.9397320173466142      0.2232064
    6181.2428024197433842      0.2229863
    6176.5460170205551549      0.2239064
    6171.8493758132563016      0.2215255
    6167.1528787911893232      0.2192306
    6162.4565259476339634      0.2217752
    6157.7603172759982044      0.2207487
    6153.0642527696245452      0.2200968
    6148.3683324218591224      0.2202590
    6143.6725562261744926      0.2203066
    6138.9769241757830969      0.2205827
    6134.2814362641611297      0.2220897
    6129.5860924845846966      0.2237281
    6124.8908928305309018      0.2202361
    6120.1958372952103673      0.2159118
    6115.5009258720974685      0.2182090
    6110.8061585546038259      0.2230678
    6106.1115353360064546      0.2223792
    6101.4170562096469439      0.2194136
    6096.7227211688696116      0.2210211
    6092.0285302071497426      0.2238027
    6087.3344833178325644      0.2190365
    6082.6405804942605755      0.2206555
    6077.9468217297753654      0.2196612
    6073.2532070177894639      0.2221209
    6068.5597363516435507      0.2239976
    6063.8664097246837628      0.2227438
    6059.1732271303171729      0.2154215
    6054.4801885619554014      0.2209420
    6049.7872940128745540      0.2207545
    6045.0945434764844322      0.2202645
    6040.4019369461948372      0.2233615
    6035.7094744153500869      0.2211751
    6031.0171558772908611      0.2202842
    6026.3249813254287801      0.2224454
    6021.6329507531745548      0.2231700
    6016.9410641538033815      0.2210637
    6012.2493215207923640      0.2145210
    6007.5577228473512150      0.2193660
    6002.8662681270234316      0.2204168
    5998.1749573531515125      0.2190491
    5993.4837905190133824      0.2202221
    5988.7927676180834169      0.2186766
    5984.1018886437068431      0.2251747
    5979.4111535892261600      0.2250542
    5974.7205624481175619      0.2237763
    5970.0301152136589735      0.2294463
    5965.3398118792583773      0.2272762
    5960.6496524382600910      0.2285954
    5955.9596368841412186      0.2270216
    5951.2697652101760468      0.2281425
    5946.5800374097771055      0.2292865
    5941.8904534763523770      0.2298267
    5937.2010134032470887      0.2269340
    5932.5117171839356160      0.2265785
    5927.8225648116294906      0.2292760
    5923.1335562798703904      0.2307516
    5918.4446915819362403      0.2312807
    5913.7559707112359320      0.2324829
    5909.0673936611801764      0.2274669
    5904.3789604251114724      0.2273978
    5899.6906709963732283      0.2258583
    5895.0025253685098505      0.2327806
    5890.3145235347292328      0.2298099
    5885.6266654885084790      0.2349102
    5880.9389512232592097      0.2330328
    5876.2513807322548018      0.2329614
    5871.5639540089741786      0.2373918
    5866.8766710468271413      0.2345953
    5862.1895318390897955      0.2297624
    5857.5025363791710333      0.2347971
    5852.8156846605479586      0.2376770
    5848.1289766765657987      0.2401548
    5843.4424124206316264      0.2420815
    5838.7559918860224570      0.2403873
    5834.0697150662826971      0.2424980
    5829.3835819547548454      0.2390186
    5824.6975925447159170      0.2386298
    5820.0117468297084997      0.2416206
    5815.3260448030096086      0.2431704
    5810.6404864580945286      0.2414243
    5805.9550717882411845      0.2436589
    5801.2698007869921639      0.2423406
    5796.5846734476253914      0.2465261
    5791.8996897636152426      0.2480219
    5787.2148497283060351      0.2473345
    5782.5301533351075705      0.2485409
    5777.8456005773632569      0.2436016
    5773.1611914485483794      0.2419850
    5768.4769259419417722      0.2427758
    5763.7928040510832943      0.2439405
    5759.1088257693199921      0.2394194
    5754.4249910899925453      0.2392368
    5749.7413000065107553      0.2377840
    5745.0577525122853331      0.2395866
    5740.3743486007933825      0.2431966
    5735.6910882653774024      0.2416229
    5731.0079714993125890      0.2437082
    5726.3249982961442583      0.2420082
    5721.6421686492139997      0.2485433
    5716.9594825520007362      0.2523127
    5712.2769399977778448      0.2516346
    5707.5945409800233392      0.2478455
    5702.9122854920815371      0.2475912
    5698.2301735274268140      0.2456980
    5693.5482050794034876      0.2433149
    5688.8663801414213594      0.2407003
    5684.1846987069566239      0.2358827
    5679.5031607692853868      0.2365569
    5674.8217663219520546      0.2352045
    5670.1405153582336425      0.2342945
    5665.4594078715381329      0.2342211
    5660.7784438554090229      0.2333809
    5656.0976233030569347      0.2327621
    5651.4169462080917583      0.2340130
    5646.7364125637213874      0.2317283
    5642.0560223635584407      0.2314415
    5637.3757756008117212      0.2289254
    5632.6956722689574235      0.2288208
    5628.0157123614053489      0.2269518
    5623.3358958715652989      0.2268418
    5618.6562227929152868      0.2249174
    5613.9766931187295995      0.2254153
    5609.2973068424853409      0.2229210
    5604.6180639576596150      0.2226581
    5599.9389644575294369      0.2253242
    5595.2600083355700917      0.2203878
    5590.5811955852586834      0.2215044
    5585.9025261998704082      0.2233416
    5581.2240001728841889      0.2254445
    5576.5456174977089177      0.2261559
    5571.8673781677534862      0.2235792
    5567.1892821764276960      0.2210362
    5562.5113295172095604      0.2192459
    5557.8335201833742758      0.2213150
    5553.1558541684662487      0.2245431
    5548.4783314658934614      0.2242760
    5543.8009520689338387      0.2251101
    5539.1237159710644846      0.2231275
    5534.4466231657597746      0.2257529
    5529.7696736464313290      0.2236400
    5525.0928674064216466      0.2223198
    5520.4162044392069220      0.2198394
    5515.7396847381969565      0.2226239
    5511.0633082967360679      0.2219620
    5506.3870751083668438      0.2212872
    5501.7109851664317830      0.2204789
    5497.0350384643415964      0.2208538
    5492.3592349955051759      0.2202674
    5487.6835747533987160      0.2193900
    5483.0080577314338370      0.2223348
    5478.3326839229521283      0.2209385
    5473.6574533214979965      0.2208927
    5468.9823659204130308      0.2219769
    5464.3074217130424586      0.2222336
    5459.6326206929934415      0.2190499
    5454.9579628536112068      0.2203155
    5450.2834481881718602      0.2210899
    5445.6090766902843825      0.2206540
    5440.9348483532930913      0.2199636
    5436.2607631706732718      0.2198383
    5431.5868211357692417      0.2216903
    5426.9130222420571954      0.2220606
    5422.2393664829460249      0.2222862
    5417.5658538518464411      0.2220198
    5412.8924843422355480      0.2200036
    5408.2192579474540253      0.2198211
    5403.5461746610480986      0.2198086
    5398.8732344763584479      0.2195148
    5394.2004373867966933      0.2225505
    5389.5277833858381200      0.2223814
    5384.8552724668934388      0.2206532
    5380.1829046234379348      0.2236632
    5375.5106798488150162      0.2192391
    5370.8385981364353938      0.2190764
    5366.1666594798425649      0.2245093
    5361.4948638725109049      0.2210829
    5356.8232113076519454      0.2221380
    5352.1517017788082740      0.2188601
    5347.4803352794560851      0.2239167
    5342.8091118030060898      0.2229379
    5338.1380313428016962      0.2247308
    5333.4670938923845824      0.2213336
    5328.7962994451645500      0.2226968
    5324.1256479944859166      0.2201349
    5319.4551395339576629      0.2205387
    5314.7847740568568042      0.2210421
    5310.1145515566595350      0.2229913
    5305.4444720267756566      0.2222028
    5300.7745354607486661      0.2226599
    5296.1047418518537597      0.2226257
    5291.4350911937026467      0.2179342
    5286.7655834795705232      0.2206070
    5282.0962187030008863      0.2208242
    5277.4269968574026279      0.2210630
    5272.7579179361873685      0.2222480
    5268.0889819328967860      0.2207881
    5263.4201888408069863      0.2199039
    5258.7515386533968922      0.2224142
    5254.0830313642072724      0.2245465
    5249.4146669665815352      0.2229316
    5244.7464454539967846      0.2214378
    5240.0783668198628220      0.2230073
    5235.4104310576558419      0.2230023
    5230.7426381607856456      0.2192663
    5226.0749881227284277      0.2203825
    5221.4074809369612922      0.2208337
    5216.7401165968276473      0.2226100
    5212.0728950958018686      0.2214941
    5207.4058164273619695      0.2224181
    5202.7388805849186610      0.2224782
    5198.0720875619463186      0.2215553
    5193.4054373518565626      0.2239596
    5188.7389299480582849      0.2241900
    5184.0725653441604663      0.2236220
    5179.4063435334410315      0.2179613
    5174.7402645094434774      0.2180756
    5170.0743282655084840      0.2192090
    5165.4085347951149743      0.2226025
    5160.7428840918037167      0.2222582
    5156.0773761489208482      0.2223584
    5151.4120109600062278      0.2194928
    5146.7467885184050829      0.2216841
    5142.0817088175936078      0.2240545
    5137.4167718510489067      0.2205849
    5132.7519776122444455      0.2206147
    5128.0873260945936636      0.2259919
    5123.4228172915709365      0.2233947
    5118.7584511965869751      0.2190095
    5114.0942278030497619      0.2195718
    5109.4301471045719154      0.2207509
    5104.7662090944268130      0.2228604
    5100.1024137662270732      0.2201630
    5095.4387611132469829      0.2218477
    5090.7752511290973416      0.2222415
    5086.1118838071870414      0.2257795
    5081.4486591409940957      0.2237101
    5076.7855771238610032      0.2207790
    5072.1226377493294422      0.2225625
    5067.4598410108110329      0.2232300
    5062.7971869018483630      0.2237156
    5058.1346754157839314      0.2212338
    5053.4723065461621445      0.2220447
    5048.8100802863909848      0.2193789
    5044.1479966299475564      0.2210051
    5039.4860555703089631      0.2209494
    5034.8242571008177038      0.2220161
    5030.1626012150836686      0.2213253
    5025.5010879065166591      0.2230600
    5020.8397171685937792      0.2193268
    5016.1784889946566182      0.2186494
    5011.5174033783159757      0.2217489
    5006.8564603129816533      0.2213679
    5002.1956597920625427      0.2233674
    4997.5350018090375670      0.2217317
    4992.8744863574456758      0.2228323
    4988.2141134306993990      0.2207164
    4983.5538830222085380      0.2220552
    4978.8937951255147709      0.2193657
    4974.2338497339633250      0.2200434
    4969.5740468411622714      0.2207714
    4964.9143864405223212      0.2190345
    4960.2548685255178498      0.2196668
    4955.5954930895613870      0.2206534
    4950.9362601261282180      0.2208757
    4946.2771696287600207      0.2215836
    4941.6182215908020225      0.2211086
    4936.9594160058632042      0.2207567
    4932.3007528672860644      0.2185977
    4927.6422321686141004      0.2205720
    4922.9838539032580229      0.2216543
    4918.3256180646931170      0.2171149
    4913.6675246464619704      0.2192455
    4909.0095736419762034      0.2180698
    4904.3517650447101914      0.2197075
    4899.6940988480755550      0.2176302
    4895.0365750456794558      0.2173155
    4890.3791936309344237      0.2174138
    4885.7219545971829575      0.2188410
    4881.0648579380331284      0.2203921
    4876.4079036469638595      0.2229849
    4871.7510917173822236      0.2185682
    4867.0944221427662342      0.2213505
    4862.4378949166593884      0.2204252
    4857.7815100324032755      0.2234883
    4853.1252674836086953      0.2203349
    4848.4691672636845396      0.2219258
    4843.8132093661079125      0.2234909
    4839.1573937843550084      0.2234195
    4834.5017205119029313      0.2223231
    4829.8461895422278758      0.2189473
    4825.1908008688042173      0.2224207
    4820.5355544851117884      0.2223055
    4815.8804503846231455      0.2244068
    4811.2254885608181212      0.2222076
    4806.5706690071710909      0.2194152
    4801.9159917171600682      0.2217118
    4797.2614566843258217      0.2179251
    4792.6070639020126691      0.2205753
    4787.9528133637650171      0.2245806
    4783.2987050631245438      0.2218769
    4778.6447389934337480      0.2237737
    4773.9909151483025198      0.2245806
    4769.3372335212088728      0.2237154
    4764.6836941054943964      0.2221491
    4760.0302968948362832      0.2251984
    4755.3770418825106390      0.2255407
    4750.7239290621919281      0.2239090
    4746.0709584272271968      0.2214460
    4741.4181299711563042      0.2211340
    4736.7654436874563544      0.2225548
    4732.1128995696044512      0.2226927
    4727.4604976110776988      0.2198136
    4722.8082378054168657      0.2201589
    4718.1561201460326629      0.2225187
    4713.5041446264021943      0.2180523
    4708.8523112401344406      0.2189921
    4704.2006199805728102      0.2221366
    4699.5490708412598906      0.2246497
    4694.8976638157391790      0.2226131
    4690.2463988973540836      0.2218447
    4685.5952760797144947      0.2237988
    4680.9442953562947878      0.2219543
    4676.2934567205738858      0.2235188
    4671.6427601659597713      0.2213842
    4666.9922056860623343      0.2227483
    4662.3417932742922858      0.2201884
    4657.6915229241922134      0.2263876
    4653.0413946292383116      0.2223208
    4648.3914083829076844      0.2267134
    4643.7415641786747074      0.2274533
    4639.0918620100183034      0.2214229
    4634.4423018705465438      0.2194564
    4629.7928837536028368      0.2219642
    4625.1436076527970727      0.2181498
    4620.4944735615390528      0.2192635
    4615.8454814733713647      0.2215719
    4611.1966313817711125      0.2235128
    4606.5479232802808838      0.2194259
    4601.8993571622440868      0.2196154
    4597.2509330213360954      0.2224533
    4592.6026508509676205      0.2214504
    4587.9545106446148566      0.2196944
    4583.3065123958203912      0.2211603
    4578.6586560980613285      0.2216091
    4574.0109417448129534      0.2183765
    4569.3633693296860656      0.2200338
    4564.7159388460231639      0.2197151
    4560.0686502873677455      0.2186145
    4555.4215036472623979      0.2210917
    4550.7744989191833156      0.2208556
    4546.1276360966739958      0.2225005
    4541.4809151731442398      0.2204392
    4536.8343361421366353      0.2224222
    4532.1878989971937699      0.2174152
    4527.5416037317936571      0.2179810
    4522.8954503394106723      0.2193771
    4518.2494388135892223      0.2181244
    4513.6035691477381988      0.2171732
    4508.9578413354693112      0.2214963
    4504.3122553702551158      0.2196317
    4499.6668112455090522      0.2210691
    4495.0215089549055847      0.2193266
    4490.3763484917881215      0.2189122
    4485.7313298497665528      0.2185739
    4481.0864530223161637      0.2184435
    4476.4417180029149677      0.2195040
    4471.7971247850382497      0.2198407
    4467.1526733622959000      0.2168030
    4462.5083637281650226      0.2160284
    4457.8641958761209025      0.2186193
    4453.2201697996397343      0.2178841
    4448.5762854923323175      0.2161645
    4443.9325429476084537      0.2152251
    4439.2889421590089114      0.2181914
    4434.6454831200799163      0.2169798
    4430.0021658242958438      0.2145711
    4425.3589902652001911      0.2127349
    4420.7159564362018500      0.2114618
    4416.0730643309116203      0.2152020
    4411.4303139428056966      0.2153190
    4406.7877052654257568      0.2159077
    4402.1452382921843309      0.2133415
    4397.5029130167549738      0.2092143
    4392.8607294325483963      0.2099208
    4388.2186875330417024      0.2127955
    4383.5767873118438729      0.2104865
    4378.9350287624301927      0.1971476
    4374.2934118782786754      0.2165821
    4369.6519366529309991      0.2093008
    4365.0106030799315704      0.2217034
