Scan:      8      F09320+6134 2010-05-20 +20 11 07.0
         OPTICAL                 Jy    
        km/s-BAR                 I
   13230.9556653660310985      0.0163848
   13226.0399224789362052      0.0241731
   13221.1243339837692474      0.0255101
   13216.2088998732797336      0.0287294
   13211.2936201402080769      0.0311433
   13206.3784947773638123      0.0297844
   13201.4635237772945402      0.0474296
   13196.5487071328116144      0.0550270
   13191.6340448367227509      0.0877994
   13186.7195368815737311      0.0881269
   13181.8051832602432114      0.0866003
   13176.8909839654716052      0.0975969
   13171.9769389899411181      0.1139812
   13167.0630483263266797      0.1263434
   13162.1493119675051275      0.1354644
   13157.2357299060222431      0.1432264
   13152.3223021347566828      0.1533622
   13147.4090286464488599      0.1642761
   13142.4959094337118586      0.1717361
   13137.5829444892915490      0.1786472
   13132.6701338060611306      0.1876028
   13127.7574773766336875      0.1924690
   13122.8449751937569090      0.1990829
   13117.9326272502348729      0.2031752
   13113.0204335387516039      0.2072070
   13108.1083940520475153      0.2109328
   13103.1965087828011747      0.2157117
   13098.2847777238876006      0.2179140
   13093.3732008679216960      0.2215298
   13088.4617782077111769      0.2229693
   13083.5505097360037325      0.2222691
   13078.6393954454724735      0.2242345
   13073.7284353288632701      0.2283565
   13068.8176293789892952      0.2283030
   13063.9069775885254785      0.2303263
   13058.9964799502176902      0.2306724
   13054.0861364568736462      0.2308592
   13049.1759471011064306      0.2345379
   13044.2659118757292163      0.2322316
   13039.3560307736152026      0.2316628
   13034.4463037873101712      0.2336212
   13029.5367309096254758      0.2370808
   13024.6273121333051677      0.2355687
   13019.7180474510914792      0.2347406
   13014.8089368557994021      0.2355790
   13009.8999803401020472      0.2357124
   13004.9911778967471037      0.2360257
   13000.0825295184113202      0.2344654
   12995.1740351979697152      0.2363866
   12990.2656949282336427      0.2347011
   12985.3575087016834004      0.2364696
   12980.4494765113267931      0.2352255
   12975.5415983497787238      0.2346085
   12970.6338742098432704      0.2355861
   12965.7263040842044575      0.2359049
   12960.8188879656700010      0.2342917
   12955.9116258469839522      0.2329424
   12951.0045177208266978      0.2343183
   12946.0975635801387398      0.2351612
   12941.1907634174640407      0.2368086
   12936.2841172256175923      0.2367382
   12931.3776249974052917      0.2361524
   12926.4712867255093443      0.2341117
   12921.5651024027374660      0.2357235
   12916.6590720218991919      0.2357644
   12911.7531955756094248      0.2348094
   12906.8474730566758808      0.2344580
   12901.9419044579117326      0.2329287
   12897.0364897719919099      0.2338487
   12892.1312289917295857      0.2338087
   12887.2261221097996895      0.2344935
   12882.3211691191499995      0.2347880
   12877.4163700123190210      0.2338641
   12872.5117247821890487      0.2365627
   12867.6072334215041337      0.2342923
   12862.7028959229410248      0.2351775
   12857.7987122793729213      0.2351037
   12852.8946824835493317      0.2337609
   12847.9908065281470044      0.2334648
   12843.0870844059754745      0.2341884
   12838.1835161098460958      0.2343354
   12833.2801016323701333      0.2362902
   12828.3768409664899082      0.2350209
   12823.4737341048821690      0.2344853
   12818.5707810402964242      0.2372079
   12813.6679817654712679      0.2353659
   12808.7653362733508402      0.2367328
   12803.8628445564190770      0.2346238
   12798.9605066076801450      0.2347014
   12794.0583224198126118      0.2340198
   12789.1562919854968641      0.2359270
   12784.2544152976061014      0.2369106
   12779.3526923488898319      0.2340612
   12774.4511231321539526      0.2351492
   12769.5497076400770311      0.2359744
   12764.6484458654067566      0.2352437
   12759.7473378010836313      0.2334953
   12754.8463834397171013      0.2351702
   12749.9455827741239773      0.2346880
   12745.0449357971083373      0.2351835
   12740.1444425014178705      0.2359419
   12735.2441028797293257      0.2334521
   12730.3439169249868428      0.2334525
   12725.4438846298689896      0.2344392
   12720.5440059871198173      0.2340700
   12715.6442809896125254      0.2328079
   12710.7447096299620171      0.2332096
   12705.8452919011142512      0.2355017
   12700.9460277957405197      0.2363632
   12696.0469173065903306      0.2370324
   12691.1479604265387024      0.2366654
   12686.2491571483315056      0.2352751
   12681.3505074647109723      0.2348608
   12676.4520113684193348      0.2348081
   12671.5536688523407065      0.2337157
   12666.6554799092118628      0.2358005
   12661.7574445317150094      0.2339452
   12656.8595627127251646      0.2340692
   12651.9618344450555014      0.2341045
   12647.0642597213791305      0.2346663
   12642.1668385345128627      0.2356718
   12637.2695708773298975      0.2340141
   12632.3724567425088026      0.2352805
   12627.4754961227918102      0.2352609
   12622.5786890111266985      0.2355919
   12617.6820354001229134      0.2352100
   12612.7855352825899899      0.2343706
   12607.8891886514720682      0.2351480
   12602.9929954993131105      0.2347156
   12598.0969558190590760      0.2356347
   12593.2010696035194997      0.2351682
   12588.3053368453729490      0.2341726
   12583.4097575373634754      0.2365866
   12578.5143316724970646      0.2357409
   12573.6190592433249549      0.2346622
   12568.7239402427203459      0.2365307
   12563.8289746634964104      0.2387162
   12558.9341624984590453      0.2360799
   12554.0395037402922753      0.2350103
   12549.1449983818692999      0.2368826
   12544.2506464160687756      0.2377903
   12539.3564478354346647      0.2362060
   12534.4624026329111075      0.2341903
   12529.5685108013749414      0.2353577
   12524.6747723334374314      0.2351054
   12519.7811872219099314      0.2353088
   12514.8877554597347626      0.2353307
   12509.9944770395923115      0.2344223
   12505.1013519542248105      0.2352968
   12500.2083801965763996      0.2356559
   12495.3155617593256466      0.2354476
   12490.4228966352111456      0.2349866
   12485.5303848172516155      0.2340467
   12480.6380262979891995      0.2330310
   12475.7458210703643999      0.2354953
   12470.8537691271885706      0.2366073
   12465.9618704611420981      0.2348384
   12461.0701250651000009      0.2345508
   12456.1785329318754521      0.2352129
   12451.2870940542761673      0.2343665
   12446.3958084249807143      0.2338648
   12441.5046760368677496      0.2345233
   12436.6136968828141107      0.2345622
   12431.7228709554292436      0.2351758
   12426.8321982476572884      0.2334218
   12421.9416787523787207      0.2350239
   12417.0513124621338648      0.2338318
   12412.1610993699378014      0.2345851
   12407.2710394685291249      0.2343318
   12402.3811327507210081      0.2343143
   12397.4913792092593212      0.2353794
   12392.6017788370190829      0.2339096
   12387.7123316267461632      0.2346284
   12382.8230375712500972      0.2336495
   12377.9338966634095414      0.2355236
   12373.0449088958994253      0.2344495
   12368.1560742616657080      0.2351739
   12363.2673927533851383      0.2344583
   12358.3788643640018563      0.2356007
   12353.4904890861944295      0.2332337
   12348.6022669128378766      0.2338437
   12343.7141978367471893      0.2333957
   12338.8262818506627809      0.2345119
   12333.9385189473941864      0.2342813
   12329.0509091198891838      0.2349927
   12324.1634523608245217      0.2342644
   12319.2761486630079162      0.2350233
   12314.3889980193853262      0.2335629
   12309.5020004225698358      0.2343450
   12304.6151558654364635      0.2342245
   12299.7284643409275304      0.2339570
   12294.8419258417234232      0.2342600
   12289.9555403606336768      0.2360991
   12285.0693078906006122      0.2358530
   12280.1832284243064350      0.2360080
   12275.2973019545588613      0.2345460
   12270.4115284742347285      0.2354522
   12265.5259079761435714      0.2348141
   12260.6404404530330794      0.2360552
   12255.7551258978455735      0.2357706
   12250.8699643033232860      0.2342186
   12245.9849556622139062      0.2346801
   12241.1000999673924525      0.2332724
   12236.2153972118030651      0.2339432
   12231.3308473880570091      0.2359430
   12226.4464504890311218      0.2369343
   12221.5622065076713625      0.2365941
   12216.6781154366526607      0.2374852
   12211.7941772687863704      0.2358525
   12206.9103919970839343      0.2362988
   12202.0267596140893147      0.2348456
   12197.1432801128121355      0.2337850
   12192.2599534860637505      0.2350840
   12187.3767797265882109      0.2356150
   12182.4937588271986897      0.2343809
   12177.6108907809011725      0.2348927
   12172.7281755802432599      0.2367685
   12167.8456132182327565      0.2366221
   12162.9632036876846541      0.2341102
   12158.0809469813393662      0.2354130
   12153.1988430920737301      0.2356709
   12148.3168920127027377      0.2356809
   12143.4350937361014076      0.2345351
   12138.5534482550119719      0.2354066
   12133.6719555623112683      0.2342526
   12128.7906156508834101      0.2348167
   12123.9094285133978701      0.2356169
   12119.0283941428024264      0.2346966
   12114.1475125319084327      0.2321949
   12109.2667836735254241      0.2332120
   12104.3862075604629354      0.2323588
   12099.5057841855996230      0.2331493
   12094.6255135417468409      0.2325605
   12089.7453956217141240      0.2307648
   12084.8654304183801287      0.2300102
   12079.9856179245525709      0.2303171
   12075.1059581330464425      0.2302274
   12070.2264510366694594      0.2299426
   12065.3470966283657617      0.2318415
   12060.4678949008139170      0.2310152
   12055.5888458469580655      0.2315002
   12050.7099494596077420      0.2302203
   12045.8312057315743004      0.2303356
   12040.9526146556672757      0.2299819
   12036.0741762248999294      0.2296292
   12031.1958904318835266      0.2309529
   12026.3177572694894479      0.2314824
   12021.4397767307327740      0.2323398
   12016.5619488082247699      0.2309919
   12011.6842734949750593      0.2302423
   12006.8067507837276935      0.2300260
   12001.9293806673613290      0.2318134
   11997.0521631386818626      0.2320643
   11992.1750981905715889      0.2319421
   11987.2981858157763781      0.2306282
   11982.4214260072330944      0.2314925
   11977.5448187578222132      0.2311327
   11972.6683640602914238      0.2307162
   11967.7920619074484421      0.2333012
   11962.9159122923010727      0.2323073
   11958.0399152074660378      0.2303354
   11953.1640706459493231      0.2309480
   11948.2883786006295850      0.2320212
   11943.4128390641853912      0.2328341
   11938.5374520296245464      0.2335343
   11933.6622174896274373      0.2345217
   11928.7871354372036876      0.2349690
   11923.9122058650973486      0.2351145
   11919.0374287661852577      0.2350353
   11914.1628041333460715      0.2352454
   11909.2883319593220222      0.2330872
   11904.4140122370590689      0.2326325
   11899.5398449594322301      0.2332225
   11894.6658301191873761      0.2351512
   11889.7919677092668280      0.2348859
   11884.9182577224182751      0.2340086
   11880.0447001515822194      0.2321049
   11875.1712949895663769      0.2318616
   11870.2980422292566800      0.2335241
   11865.4249418634572066      0.2320440
   11860.5519938849811297      0.2319911
   11855.6791982868362538      0.2313847
   11850.8065550617047847      0.2312506
   11845.9340642025272246      0.2307687
   11841.0617257021822297      0.2296861
   11836.1895395534775162      0.2308446
   11831.3175057492298947      0.2282412
   11826.4456242823762295      0.2276300
   11821.5738951457333314      0.2280331
   11816.7023183321744000      0.2262907
   11811.8308938345126080      0.2284608
   11806.9596216456884576      0.2304781
   11802.0885017583841545      0.2297015
   11797.2175341656748060      0.2295852
   11792.3467188603026443      0.2307060
   11787.4760558350790234      0.2295397
   11782.6055450830172049      0.2308308
   11777.7351865968594211      0.2318507
   11772.8649803694825096      0.2307729
   11767.9949263936996431      0.2309774
   11763.1250246625149884      0.2317388
   11758.2552751686143893      0.2311428
   11753.3856779050020123      0.2349862
   11748.5162328644910303      0.2326688
   11743.6469400399601000      0.2335032
   11738.7777994241514534      0.2351716
   11733.9088110101420170      0.2336753
   11729.0399747906103585      0.2338602
   11724.1712907585006178      0.2335135
   11719.3027589066223300      0.2357784
   11714.4343792279869376      0.2356798
   11709.5661517152693705      0.2354626
   11704.6980763614174066      0.2345695
   11699.8301531594388507      0.2348175
   11694.9623821019467869      0.2352203
   11690.0947631818835362      0.2339953
   11685.2272963923278439      0.2339413
   11680.3599817258200346      0.2325440
   11675.4928191754406726      0.2330397
   11670.6258087340665952      0.2354224
   11665.7589503944418539      0.2339360
   11660.8922441495105886      0.2356020
   11656.0256899922151206      0.2350828
   11651.1592879152340174      0.2362776
   11646.2930379115787218      0.2353508
   11641.4269399741260713      0.2356332
   11636.5609940957492654      0.2363202
   11631.6952002691996313      0.2356414
   11626.8295584874849737      0.2365502
   11621.9640687434130086      0.2354323
   11617.0987310299296951      0.2331790
   11612.2335453397790843      0.2338173
   11607.3685116659726191      0.2348883
   11602.5036300013198343      0.2340706
   11597.6389003386320837      0.2374554
   11592.7743226709844748      0.2362426
   11587.9098969910592132      0.2356770
   11583.0456232917949819      0.2357768
   11578.1815015660704375      0.2340130
   11573.3175318067678745      0.2335233
   11568.4537140067550354      0.2336978
   11563.5900481589851552      0.2354214
   11558.7265342561950092      0.2360185
   11553.8631722914014972      0.2373887
   11548.9999622574105160      0.2361936
   11544.1369041471025412      0.2338919
   11539.2739979533525911      0.2338606
   11534.4112436691721086      0.2345745
   11529.5486412872396613      0.2330065
   11524.6861908004957513      0.2335704
   11519.8238922018881567      0.2318175
   11514.9617454843573796      0.2321914
   11510.0997506406511093      0.2337649
   11505.2379076636425452      0.2342783
   11500.3762165464140708      0.2338295
   11495.5146772816387966      0.2338349
   11490.6532898622626817      0.2350933
   11485.7920542812280473      0.2345894
   11480.9309705313444283      0.2348339
   11476.0700386054941191      0.2349326
   11471.2092584967504081      0.2373671
   11466.3486301977245603      0.2371254
   11461.4881537014935020      0.2365340
   11456.6278290008704062      0.2346508
   11451.7676560887957748      0.2351925
   11446.9076349580827809      0.2343543
   11442.0477656016737456      0.2346539
   11437.1880480124473252      0.2362450
   11432.3284821833458409      0.2369114
   11427.4690681071824656      0.2384572
   11422.6098057768977014      0.2360507
   11417.7506951853029022      0.2357111
   11412.8917363253458461      0.2363132
   11408.0329291900325188      0.2367048
   11403.1742737721087906      0.2343087
   11398.3157700644533179      0.2352265
   11393.4574180600739055      0.2341795
   11388.5992177517819073      0.2339817
   11383.7411691325232823      0.2347049
   11378.8832721951712301      0.2348399
   11374.0255269326080452      0.2361695
   11369.1679333377742296      0.2335306
   11364.3104914035502588      0.2347975
   11359.4532011227420298      0.2355339
   11354.5960624883628043      0.2353523
   11349.7390754932912387      0.2330067
   11344.8822401304023515      0.2357314
   11340.0255563925729803      0.2360449
   11335.1690242727490840      0.2356631
   11330.3126437638075004      0.2343356
   11325.4564148586250667      0.2343004
   11320.6003375502114068      0.2335274
   11315.7444118313123909      0.2339775
   11310.8886376949358237      0.2348385
   11306.0330151339621807      0.2355607
   11301.1775441413337830      0.2359749
   11296.3222247097946820      0.2358234
   11291.4670568324218038      0.2349517
   11286.6120405020938051      0.2366775
   11281.7571757116184017      0.2348981
   11276.9024624540106743      0.2353959
   11272.0479007221438223      0.2343255
   11267.1934905088310188      0.2350443
   11262.3392318070800684      0.2366267
   11257.4851246098369302      0.2343467
   11252.6311689099111391      0.2358490
   11247.7773647001813515      0.2355666
   11242.9237119737244939      0.2351617
   11238.0702107232846174      0.2348638
   11233.2168609418022243      0.2343222
   11228.3636626222942141      0.2345119
   11223.5106157575010002      0.2332753
   11218.6577203404976899      0.2340830
   11213.8049763640974561      0.2339780
   11208.9523838212426199      0.2348648
   11204.0999427047481731      0.2350460
   11199.2476530076855852      0.2354047
   11194.3955147229353315      0.2358731
   11189.5435278433087660      0.2366169
   11184.6916923618155124      0.2361946
   11179.8400082713960728      0.2362087
   11174.9884755647981365      0.2364135
   11170.1370942350331461      0.2358903
   11165.2858642751070875      0.2353991
   11160.4347856778349524      0.2351019
   11155.5838584360935783      0.2346217
   11150.7330825429580727      0.2354931
   11145.8824579911724868      0.2352938
   11141.0319847737500822      0.2333669
   11136.1816628836295422      0.2341954
   11131.3314923136294965      0.2347697
   11126.4814730567522929      0.2361218
   11121.6316051058784069      0.2347333
   11116.7818884539556166      0.2345234
   11111.9323230938534834      0.2353283
   11107.0829090185889072      0.2351483
   11102.2336462209714227      0.2354241
   11097.3845346939415322      0.2363030
   11092.5355744304451946      0.2338222
   11087.6867654234956717      0.2337557
   11082.8381076658988604      0.2338478
   11077.9896011506007198      0.2339098
   11073.1412458705453901      0.2349484
   11068.2930418186770112      0.2341274
   11063.4449889878051181      0.2341527
   11058.5970873710084561      0.2343879
   11053.7493369610965601      0.2350768
   11048.9017377510790539      0.2347684
   11044.0542897339018964      0.2340739
   11039.2069929023073200      0.2353959
   11034.3598472493740701      0.2341728
   11029.5128527681099513      0.2320842
   11024.6660094512626529      0.2339968
   11019.8193172918381606      0.2361508
   11014.9727762827860715      0.2341570
   11010.1263864169795852      0.2334166
   11005.2801476873628417      0.2347404
   11000.4340600869472837      0.2328608
   10995.5881236086097488      0.2327852
   10990.7423382452270744      0.2343928
   10985.8967039897452196      0.2349054
   10981.0512208352411108      0.2344913
   10976.2058887744551612      0.2355326
   10971.3607078003988136      0.2347198
   10966.5156779060198460      0.2359025
   10961.6707990842587606      0.2358499
   10956.8260713279942138      0.2357943
   10951.9814946302358294      0.2364732
   10947.1370689838604449      0.2356283
   10942.2927943817467167      0.2354483
   10937.4486708170388738      0.2360312
   10932.6046982824773295      0.2356455
   10927.7608767710080429      0.2365834
   10922.9172062757770618      0.2349810
   10918.0736867894593161      0.2347689
   10913.2303183050662483      0.2363109
   10908.3871008156729658      0.2361304
   10903.5440343140271580      0.2354353
   10898.7011187932002940      0.2332898
   10893.8583542460764875      0.2352366
   10889.0157406656617241      0.2353573
   10884.1732780447673576      0.2352262
   10879.3309663764048310      0.2354551
   10874.4888056535837677      0.2354526
   10869.6467958691810054      0.2357756
   10864.8049370161425031      0.2371582
   10859.9632290874105820      0.2370770
   10855.1216720759293821      0.2341486
   10850.2802659746412246      0.2342355
   10845.4390107764920685      0.2357169
   10840.5979064744260540      0.2345300
   10835.7569530613855022      0.2337527
   10830.9161505303818558      0.2353550
   10826.0754988742246496      0.2348381
   10821.2349980859253264      0.2352699
   10816.3946481584935100      0.2369922
   10811.5544490848078567      0.2363185
   10806.7144008578125067      0.2359008
   10801.8745034705152648      0.2343042
   10797.0347569157947873      0.2346281
   10792.1951611866643361      0.2346402
   10787.3557162759952917      0.2348609
   10782.5164221768700372      0.2347869
   10777.6772788820981077      0.2334004
   10772.8382863846200053      0.2333868
   10767.9994446775835968      0.2356517
   10763.1607537537311146      0.2349246
   10758.3222136060721823      0.2360815
   10753.4838242276855453      0.2344393
   10748.6455856113134359      0.2331631
   10743.8074977500345994      0.2350128
   10738.9695606367949949      0.2350231
   10734.1317742645314866      0.2365297
   10729.2941386261954904      0.2351249
   10724.4566537148584757      0.2328271
   10719.6193195232681319      0.2335314
   10714.7821360444340826      0.2352711
   10709.9451032714969188      0.2349098
   10705.1082211971388460      0.2338896
   10700.2714898145677580      0.2357277
   10695.4349091165968275      0.2353578
   10690.5984790961647377      0.2360726
   10685.7621997463520529      0.2332121
   10680.9260710599701270      0.2336490
   10676.0900930301577318      0.2351862
   10671.2542656497334974      0.2353240
   10666.4185889117015904      0.2357204
   10661.5830628090079699      0.2362362
   10656.7476873346622597      0.2356175
   10651.9124624815431162      0.2345414
   10647.0773882427274657      0.2348436
   10642.2424646110230242      0.2340221
   10637.4076915795121749      0.2364151
   10632.5730691411990847      0.2352297
   10627.7385972889005643      0.2348660
   10622.9042760156899021      0.2349869
   10618.0701053145112382      0.2336859
   10613.2360851783105318      0.2353072
   10608.4022156000282848      0.2357450
   10603.5684965727432427      0.2350907
   10598.7349280892685783      0.2347353
   10593.9015101426757610      0.2363610
   10589.0682427259143878      0.2351560
   10584.2351258319267799      0.2341550
   10579.4021594536534394      0.2342814
   10574.5693435841076280      0.2350740
   10569.7366782163662720      0.2340771
   10564.9041633431752416      0.2360647
   10560.0717989576714899      0.2348616
   10555.2395850528064329      0.2358140
   10550.4075216214550892      0.2345236
   10545.5756086566270824      0.2354660
   10540.7438461513975199      0.2349545
   10535.9122340986468771      0.2345892
   10531.0807724913174752      0.2348126
   10526.2494613224862405      0.2362431
   10521.4183005850318295      0.2358678
   10516.5872902719638660      0.2359018
   10511.7564303762919735      0.2352891
   10506.9257208908948087      0.2335231
   10502.0951618088474788      0.2356001
   10497.2647531231614266      0.2350274
   10492.4344948266498250      0.2353423
   10487.6043869123204786      0.2350423
   10482.7744293733157974      0.2369489
   10477.9446222025180759      0.2360441
   10473.1149653927986947      0.2341100
   10468.2854589373018825      0.2365845
   10463.4561028289081150      0.2352179
   10458.6268970606288349      0.2356415
   10453.7978416254682088      0.2357721
   10448.9689365163776529      0.2337193
   10444.1401817263631528      0.2326073
   10439.3115772483015462      0.2335264
   10434.4831230753388809      0.2325504
   10429.6548192002828728      0.2318477
   10424.8266656162813888      0.2319392
   10419.9986623162076285      0.2305945
   10415.1708092930748535      0.2310797
   10410.3431065398908686      0.2310360
   10405.5155540496671165      0.2311742
   10400.6881518152822537      0.2298945
   10395.8608998297477228      0.2319708
   10391.0337980862022960      0.2328493
   10386.2068465773936623      0.2329035
   10381.3800452964642318      0.2304881
