Scan:     42      F11186-0242 2010-05-03 +00 14 21.0
         OPTICAL                 Jy    
        km/s-BAR                 I
    8853.3149481687905791      0.0488305
    8848.5356859508810885      0.0537876
    8843.7565717407633201      0.0632429
    8838.9776055316506245      0.0570317
    8834.1987873166199279      0.0532491
    8829.4201170887463377      0.0505888
    8824.6415948411722638      0.0426476
    8819.8632205670455733      0.0399446
    8815.0849942595068569      0.0491502
    8810.3069159117003437      0.0498755
    8805.5289855167029600      0.0389913
    8800.7512030676589347      0.0439488
    8795.9735685575778916      0.0499765
    8791.1960819798678131      0.0474643
    8786.4187433274764771      0.0455242
    8781.6415525935444748      0.0456261
    8776.8645097711487324      0.0461840
    8772.0876148535699031      0.0498130
    8767.3108678338157915      0.0485194
    8762.5342687050269888      0.0495483
    8757.7578174604204833      0.0486896
    8752.9815140930659254      0.0521586
    8748.2053585961111821      0.0526651
    8743.4293509626313607      0.0514113
    8738.6534911858379928      0.0517921
    8733.8777792588753073      0.0508867
    8729.1022151748184115      0.0520655
    8724.3267989268115343      0.0519374
    8719.5515305079316022      0.0509717
    8714.7764099114556302      0.0528544
    8710.0014371304605447      0.0534737
    8705.2266121580887557      0.0521876
    8700.4519349874208274      0.0493359
    8695.6774056116628344      0.0520379
    8690.9030240238917031      0.0525752
    8686.1287902173207840      0.0514190
    8681.3547041850251844      0.0529427
    8676.5807659201509523      0.0527715
    8671.8069754158368596      0.0508698
    8667.0333326652289543      0.0517380
    8662.2598376615405869      0.0522156
    8657.4864903977759241      0.0532737
    8652.7132908672174381      0.0541082
    8647.9402390629365982      0.0519595
    8643.1673349779484852      0.0522680
    8638.3945786056629004      0.0548262
    8633.6219699390203459      0.0538537
    8628.8495089712978370      0.0516880
    8624.0771956955104542      0.0543550
    8619.3050301047951507      0.0516664
    8614.5330121924362174      0.0547490
    8609.7611419515033049      0.0523734
    8604.9894193751442799      0.0528288
    8600.2178444565670361      0.0515591
    8595.4464171887175326      0.0515295
    8590.6751375649364491      0.0509052
    8585.9040055783716525      0.0530281
    8581.1330212220946123      0.0521629
    8576.3621844892531954      0.0527340
    8571.5914953729225090      0.0512920
    8566.8209538664468710      0.0518179
    8562.0505599629013886      0.0525964
    8557.2803136553648073      0.0520470
    8552.5102149370486586      0.0509249
    8547.7402638009607472      0.0533652
    8542.9704602405090554      0.0516294
    8538.2008042487086641      0.0519392
    8533.4312958187019831      0.0540453
    8528.6619349436314224      0.0530968
    8523.8927216167066945      0.0501102
    8519.1236558309392422      0.0532830
    8514.3547375796697452      0.0545048
    8509.5859668559805868      0.0526833
    8504.8173436530105391      0.0546327
    8500.0488679639711336      0.0536582
    8495.2805397818756319      0.0523546
    8490.5123590999955923      0.0544666
    8485.7443259114788816      0.0520337
    8480.9764402095315745      0.0511386
    8476.2087019871705706      0.0537065
    8471.4411112375983066      0.0531250
    8466.6736679540299519      0.0529823
    8461.9063721296079166      0.0511071
    8457.1392237575400941      0.0498638
    8452.3722228308415652      0.0491887
    8447.6053693427857070      0.0534113
    8442.8386632864494459      0.0553760
    8438.0721046551097970      0.0533881
    8433.3056934419128083      0.0522468
    8428.5394296398644656      0.0525720
    8423.7733132423109055      0.0510565
    8419.0073442422635708      0.0479648
    8414.2415226329958386      0.0535998
    8409.4758484076537570      0.0542289
    8404.7103215593160712      0.0544957
    8399.9449420812543394      0.0523625
    8395.1797099665473070      0.0520435
    8390.4146252084738080      0.0528571
    8385.6496878000452853      0.0544726
    8380.8848977345351159      0.0537458
    8376.1202550051530125      0.0537307
    8371.3557596048467531      0.0546970
    8366.5914115270225011      0.0537098
    8361.8272107647590019      0.0513737
    8357.0631573111986654      0.0525150
    8352.2992511595548422      0.0514047
    8347.5354923029008205      0.0548302
    8342.7718807345136156      0.0534590
    8338.0084164475374564      0.0525049
    8333.2450994351183908      0.0517244
    8328.4819296904624935      0.0538966
    8323.7189072066503286      0.0571627
    8318.9560319769552734      0.0538282
    8314.1933039945233759      0.0519525
    8309.4307232524970459      0.0522920
    8304.6682897440205124      0.0542662
    8299.9060034623707907      0.0547852
    8295.1438644006229879      0.0514228
    8290.3818725519904547      0.0521994
    8285.6200279096792656      0.0514033
    8280.8583304668354685      0.0539650
    8276.0967802166032925      0.0548578
    8271.3353771521251474      0.0528028
    8266.5741212667435320      0.0545138
    8261.8130125534698891      0.0530794
    8257.0520510055157501      0.0518543
    8252.2912366160871898      0.0507478
    8247.5305693783338938      0.0499055
    8242.7700492854601180      0.0505050
    8238.0096763306773937      0.0494324
    8233.2494505071317690      0.0514132
    8228.4893718079638347      0.0530827
    8223.7294402263196389      0.0526442
    8218.9696557554761966      0.0525761
    8214.2100183886395826      0.0542054
    8209.4505281188921799      0.0510028
    8204.6911849394400633      0.0531389
    8199.9319888434274617      0.0510383
    8195.1729398241313902      0.0519794
    8190.4140378746988063      0.0525874
    8185.6552829882675724      0.0526814
    8180.8966751581183416      0.0542312
    8176.1382143773271309      0.0538640
    8171.3799006391027433      0.0527965
    8166.6217339366567103      0.0485892
    8161.8637142631987444      0.0493267
    8157.1058416118730747      0.0516008
    8152.3481159758221111      0.0526716
    8147.5905373483237781      0.0523574
    8142.8331057225204859      0.0521308
    8138.0758210916228563      0.0549603
    8133.3186834487760279      0.0555347
    8128.5616927871869848      0.0535915
    8123.8048491000008653      0.0528213
    8119.0481523804955941      0.0512097
    8114.2916026218126717      0.0537508
    8109.5351998171636296      0.0510391
    8104.7789439597572709      0.0532170
    8100.0228350426732504      0.0550155
    8095.2668730591849453      0.0538957
    8090.5110580025047966      0.0533122
    8085.7553898657743048      0.0519268
    8080.9998686422059109      0.0520734
    8076.2444943250093274      0.0531355
    8071.4892669073269644      0.0529890
    8066.7341863823694439      0.0531033
    8061.9792527434128715      0.0547171
    8057.2244659835359926      0.0533279
    8052.4698260960140033      0.0531551
    8047.7153330739247394      0.0524631
    8042.9609869106106999      0.0511505
    8038.2067875992152040      0.0520379
    8033.4527351329497833      0.0515053
    8028.6988295049568478      0.0522116
    8023.9450707083806265      0.0532123
    8019.1914587365636180      0.0518613
    8014.4379935826509609      0.0546934
    8009.6846752398505487      0.0532302
    8004.9315037013075198      0.0518056
    8000.1784789602315868      0.0535480
    7995.4256010099006744      0.0532545
    7990.6728698433889804      0.0539493
    7985.9202854540426415      0.0546629
    7981.1678478349367651      0.0506304
    7976.4155569792819733      0.0546418
    7971.6634128804216743      0.0543044
    7966.9114155313664014      0.0527652
    7962.1595649254595628      0.0528327
    7957.4078610558435685      0.0522097
    7952.6563039157972526      0.0534747
    7947.9048934983284198      0.0540126
    7943.1536297968496001      0.0559753
    7938.4025128044368103      0.0513149
    7933.6515425143652465      0.0522932
    7928.9007189198473498      0.0511177
    7924.1500420140246206      0.0523187
    7919.3995117901749836      0.0530549
    7914.6491282414417583      0.0532504
    7909.8988913611028693      0.0560227
    7905.1488011422998170      0.0556620
    7900.3988575781759209      0.0530467
    7895.6490606621437109      0.0499975
    7890.8994103872773849      0.0526073
    7886.1499067467893838      0.0507705
    7881.4005497338885107      0.0520840
    7876.6513393417844782      0.0498820
    7871.9022755637561204      0.0526066
    7867.1533583929449378      0.0513195
    7862.4045878225606430      0.0509386
    7857.6559638458820700      0.0490250
    7852.9074864560507194      0.0505336
    7848.1591556462117296      0.0508026
    7843.4109714097739925      0.0547394
    7838.6629337398153439      0.0544914
    7833.9150426296118894      0.0529488
    7829.1672980723060391      0.0534146
    7824.4197000611111434      0.0524319
    7819.6722485893678822      0.0516286
    7814.9249436501531818      0.0500903
    7810.1777852367449668      0.0525489
    7805.4307733423529498      0.0510201
    7800.6839079601877529      0.0514432
    7795.9371890834581791      0.0524714
    7791.1906167054421530      0.0544024
    7786.4441908192820847      0.0522309
    7781.6979114182549893      0.0517251
    7776.9517784954396120      0.0535130
    7772.2057920443103285      0.0533159
    7767.4599520578785814      0.0540130
    7762.7142585294195669      0.0539884
    7757.9687114521457261      0.0542769
    7753.2233108192658619      0.0525203
    7748.4780566241224733      0.0537393
    7743.7329488597952150      0.0538748
    7738.9879875195583736      0.0523991
    7734.2431725966225713      0.0501274
    7729.4985040841984301      0.0507809
    7724.7539819755620556      0.0524051
    7720.0096062638585863      0.0542592
    7715.2653769424287020      0.0526959
    7710.5212940044175411      0.0501782
    7705.7773574430357257      0.0531479
    7701.0335672514911494      0.0533558
    7696.2899234230635557      0.0532130
    7691.5464259510281408      0.0546171
    7686.8030748285282243      0.0538814
    7682.0598700488408213      0.0537263
    7677.3168116050428580      0.0501287
    7672.5738994906096195      0.0518674
    7667.8311336986207607      0.0527091
    7663.0885142222850845      0.0520500
    7658.3460410549441804      0.0509109
    7653.6037141896777030      0.0517110
    7648.8615336198272416      0.0545578
    7644.1194993386707210      0.0524009
    7639.3776113392841580      0.0550422
    7634.6358696150109608      0.0540493
    7629.8942741590617516      0.0536631
    7625.1528249645789401      0.0550945
    7620.4115220249077538      0.0551229
    7615.6703653333233888      0.0547786
    7610.9293548829036808      0.0568232
    7606.1884906669902193      0.0559499
    7601.4477726787281426      0.0570461
    7596.7072009114617686      0.0558407
    7591.9667753583980812      0.0556304
    7587.2264960127495215      0.0579911
    7582.4863628677258021      0.0573462
    7577.7463759165366355      0.0568522
    7573.0065351525927326      0.0574724
    7568.2668405689710198      0.0560089
    7563.5272921589466932      0.0579262
    7558.7878899157303749      0.0603229
    7554.0486338326008990      0.0580433
    7549.3095239027661592      0.0590795
    7544.5705601195031704      0.0613498
    7539.8317424760889480      0.0585817
    7535.0930709656668114      0.0609038
    7530.3545455815146852      0.0602664
    7525.6161663168413725      0.0600944
    7520.8779331649902815      0.0612577
    7516.1398461191729439      0.0599485
    7511.4019051725308600      0.0633497
    7506.6641103184074382      0.0636469
    7501.9264615499478168      0.0622977
    7497.1889588604944947      0.0632073
    7492.4516022433235776      0.0642970
    7487.7143916915138107      0.0636830
    7482.9773271984731764      0.0639229
    7478.2404087573449942      0.0644325
    7473.5036363614080983      0.0640059
    7468.7670100039376848      0.0664292
    7464.0305296781443758      0.0645232
    7459.2941953773042769      0.0643567
    7454.5580070945607076      0.0648960
    7449.8219648233261978      0.0650239
    7445.0860685568068220      0.0662388
    7440.3503182881495377      0.0668710
    7435.6147140106959341      0.0680827
    7430.8792557175893307      0.0672308
    7426.1439434022413479      0.0680414
    7421.4087770577925767      0.0703265
    7416.6737566775236701      0.0692234
    7411.9388822547070959      0.0682690
    7407.2041537824898114      0.0687595
    7402.4695712542124966      0.0688013
    7397.7351346631539855      0.0733065
    7393.0008440025230811      0.0711801
    7388.2666992655977083      0.0702730
    7383.5327004455866700      0.0671367
    7378.7988475357678908      0.0668585
    7374.0651405294165670      0.0656796
    7369.3315794197442301      0.0676621
    7364.5981642000269858      0.0656005
    7359.8648948635409397      0.0645851
    7355.1317714034967139      0.0648831
    7350.3987938131731426      0.0634564
    7345.6659620859099959      0.0643346
    7340.9332762147860194      0.0630162
    7336.2007361932110143      0.0640704
    7331.4683420143946933      0.0604544
    7326.7360936715476782      0.0613647
    7322.0039911580124681      0.0649456
    7317.2720344669996848      0.0620768
    7312.5402235917872531      0.0611688
    7307.8085585255830665      0.0580531
    7303.0770392617314428      0.0587956
    7298.3456657935103067      0.0611851
    7293.6144381140611586      0.0613623
    7288.8833562166610136      0.0594468
    7284.1524200947205827      0.0607696
    7279.4216297413167922      0.0603624
    7274.6909851497921409      0.0589716
    7269.9604863134918560      0.0551243
    7265.2301332255574380      0.0566232
    7260.4999258792649925      0.0544020
    7255.7698642679597469      0.0541041
    7251.0399483848523232      0.0541620
    7246.3101782232170081      0.0557274
    7241.5805537762653330      0.0546898
    7236.8510750374070994      0.0556276
    7232.1217419997192337      0.0553138
    7227.3925546566106277      0.0531035
    7222.6635130013601156      0.0523691
    7217.9346170271091978      0.0523759
    7213.2058667272685852      0.0533905
    7208.4772620949815973      0.0525442
    7203.7488031235925519      0.0550972
    7199.0204898063102519      0.0527558
    7194.2923221365444988      0.0524863
    7189.5643001073731284      0.0534118
    7184.8364237121386395      0.0517203
    7180.1086929442526525      0.0504635
    7175.3811077967902747      0.0523303
    7170.6536682631613076      0.0522790
    7165.9263743365099799      0.0535620
    7161.1992260102460932      0.0549700
    7156.4722232775138764      0.0511091
    7151.7453661316549187      0.0517808
    7147.0186545659480544      0.0533171
    7142.2920885737339631      0.0526543
    7137.5656681480922998      0.0546459
    7132.8393932824310468      0.0543427
    7128.1132639700945219      0.0548179
    7123.3872802042251351      0.0511948
    7118.6614419781681136      0.0497729
    7113.9357492851977440      0.0539444
    7109.2102021185264675      0.0545590
    7104.4848004714958734      0.0501745
    7099.7595443374493698      0.0544480
    7095.0344337095311857      0.0503945
    7090.3094685810847295      0.0506563
    7085.5846489453197137      0.0534993
    7080.8599747956459396      0.0534397
    7076.1354461252740293      0.0528158
    7071.4110629274800885      0.0530573
    7066.6868251955402229      0.0562962
    7061.9627329227996597      0.0551465
    7057.2387861023998994      0.0546237
    7052.5149847277534718      0.0524829
    7047.7913287921337542      0.0528578
    7043.0678182887531875      0.0499135
    7038.3444532110197542      0.0477204
    7033.6212335520121997      0.0516756
    7028.8981593052067183      0.0528096
    7024.1752304638121132      0.0543165
    7019.4524470211063090      0.0547080
    7014.7298089704327140      0.0528354
    7010.0073163049346476      0.0519377
    7005.2849690180873949      0.0535466
    7000.5627671030360943      0.0530468
    6995.8407105531223351      0.0531170
    6991.1187993616922540      0.0533969
    6986.3970335218855325      0.0508651
    6981.6754130271165195      0.0520794
    6976.9539378706567732      0.0537181
    6972.2326080457878561      0.0526056
    6967.5114235457831455      0.0514771
    6962.7903843638541730      0.0543059
    6958.0694904934771330      0.0512043
    6953.3487419277953450      0.0527275
    6948.6281386601522172      0.0539428
    6943.9076806838911580      0.0542825
    6939.1873679921563962      0.0540962
    6934.4672005783559143      0.0530238
    6929.7471784357685465      0.0495999
    6925.0273015576694888      0.0534123
    6920.3075699374021497      0.0520358
    6915.5879835681780605      0.0520888
    6910.8685424433388107      0.0552084
    6906.1492465561623249      0.0518366
    6901.4300958999911018      0.0519631
    6896.7110904681012471      0.0540821
    6891.9922302537042924      0.0526377
    6887.2735152502091296      0.0512982
    6882.5549454508927738      0.0528819
    6877.8365208489658471      0.0515504
    6873.1182414379045440      0.0528668
    6868.4001072107848813      0.0525863
    6863.6821181610175699      0.0543103
    6858.9642742820133208      0.0550465
    6854.2465755668472411      0.0516496
    6849.5290220089964350      0.0523951
    6844.8116136016715245      0.0522598
    6840.0943503382150084      0.0524459
    6835.3772322119048113      0.0536810
    6830.6602592160170389      0.0527922
    6825.9434313439605830      0.0522869
    6821.2267485889469754      0.0526940
    6816.5102109442523215      0.0517169
    6811.7938184032191202      0.0514955
    6807.0775709591916893      0.0533642
    6802.3614686054470440      0.0539196
    6797.6455113353276829      0.0533101
    6792.9296991420433187      0.0529054
    6788.2140320188718761      0.0528578
    6783.4985099592886399      0.0518062
    6778.7831329565051419      0.0527130
    6774.0679010038638808      0.0534456
    6769.3528140945736595      0.0514743
    6764.6378722220460986      0.0511148
    6759.9230753795573037      0.0518583
    6755.2084235603833804      0.0514013
    6750.4939167578695560      0.0532787
    6745.7795549653574199      0.0506148
    6741.0653381759893819      0.0516378
    6736.3512663833116676      0.0514946
    6731.6373395805321707      0.0525484
    6726.9235577609279062      0.0509441
    6722.2099209178422825      0.0515617
    6717.4964290446196173      0.0508090
    6712.7830821344678043      0.0538173
    6708.0698801807975542      0.0523334
    6703.3568231768867918      0.0514886
    6698.6439111160780158      0.0519574
    6693.9311439916473319      0.0547949
    6689.2185217968053621      0.0515494
    6684.5060445250965131      0.0529271
    6679.7937121697286784      0.0503208
    6675.0815247240452663      0.0512073
    6670.3694821812568989      0.0547085
    6665.6575845347078939      0.0498994
    6660.9458317778735363      0.0534955
    6656.2342239038980551      0.0530737
    6651.5227609061903422      0.0518989
    6646.8114427779619291      0.0541644
    6642.1002695126207982      0.0531747
    6637.3892411035112673      0.0523029
    6632.6783575439112610      0.0535859
    6627.9676188270950661      0.0538603
    6623.2570249464733934      0.0547106
    6618.5465758952577744      0.0554564
    6613.8362716668561916      0.0532435
    6609.1261122546129627      0.0522521
    6604.4160976517387098      0.0510642
    6599.7062278517087179      0.0531685
    6594.9965028476663065      0.0530306
    6590.2869226330212769      0.0530531
    6585.5774872011188563      0.0521667
    6580.8681965452997247      0.0534935
    6576.1590506587763230      0.0547130
    6571.4500495350239362      0.0534232
    6566.7411931672522769      0.0550676
    6562.0324815488056629      0.0541059
    6557.3239146730929860      0.0546968
    6552.6154925333248684      0.0541076
    6547.9072151229111114      0.0504013
    6543.1990824350623370      0.0524633
    6538.4910944632538303      0.0548461
    6533.7832512008289996      0.0538757
    6529.0755526409329832      0.0531444
    6524.3679987770392472      0.0541743
    6519.6605896024275353      0.0508969
    6514.9533251104403462      0.0524503
    6510.2462052944201787      0.0534788
    6505.5392301476431385      0.0540534
    6500.8323996635208459      0.0536551
    6496.1257138353284972      0.0548442
    6491.4191726563440170      0.0527604
    6486.7127761200435998      0.0504210
    6482.0065242196360487      0.0502444
    6477.3004169485329840      0.0530979
    6472.5944543000769045      0.0543581
    6467.8886362674102202      0.0516853
    6463.1829628441446403      0.0521956
    6458.4774340234880583      0.0517247
    6453.7720497987193085      0.0508144
    6449.0668101632472826      0.0502009
    6444.3617151103480865      0.0517408
    6439.6567646334333404      0.0511164
    6434.9519587257773310      0.0523081
    6430.2472973807907692      0.0540213
    6425.5427805917524893      0.0535227
    6420.8384083519358683      0.0522575
    6416.1341806548189197      0.0522773
    6411.4300974936795683      0.0532871
    6406.7261588618584938      0.0516022
    6402.0223647527009234      0.0529781
    6397.3187151594165698      0.0516917
    6392.6152100756135042      0.0531404
    6387.9118494943704718      0.0542115
    6383.2086334092300604      0.0521282
    6378.5055618134028919      0.0525091
    6373.8026347002969487      0.0527955
    6369.0998520631246720      0.0522163
    6364.3972138954277398      0.0528985
    6359.6947201904167741      0.0527136
    6354.9923709415006670      0.0514662
    6350.2901661419573429      0.0516413
    6345.5881057851293008      0.0534733
    6340.8861898644936446      0.0516394
    6336.1844183732600868      0.0530241
    6331.4827913048366099      0.0544259
    6326.7813086525047765      0.0535182
    6322.0799704096689311      0.0538105
    6317.3787765696752103      0.0526426
    6312.6777271258670226      0.0530631
    6307.9768220715868665      0.0521428
    6303.2760614001117574      0.0500473
    6298.5754451048514966      0.0525631
    6293.8749731792158855      0.0527384
    6289.1746456164819392      0.0513180
    6284.4744624100585497      0.0517335
    6279.7744235532227322      0.0521275
    6275.0745290393188043      0.0551500
    6270.3747788616892649      0.0524292
    6265.6751730138103085      0.0511856
    6260.9757114889580407      0.0525573
    6256.2763942804112958      0.0551562
    6251.5772213816444491      0.0528033
    6246.8781927858690324      0.0537650
    6242.1793084866276331      0.0507672
    6237.4805684771290544      0.0514635
    6232.7819727507840071      0.0514409
    6228.0835213009368090      0.0502315
    6223.3852141208626563      0.0503699
    6218.6870512040386529      0.0511866
    6213.9890325437418142      0.0491947
    6209.2911581333819413      0.0516780
    6204.5934279663015332      0.0538860
    6199.8958420358439980      0.0533399
    6195.1984003353527442      0.0523883
    6190.5011028582384824      0.0518857
    6185.8039495977773186      0.0518835
    6181.1069405473790539      0.0493845
    6176.4100757003852777      0.0491706
    6171.7133550502094295      0.0505528
    6167.0167785901912794      0.0518625
    6162.3203463136096616      0.0505419
    6157.6240582139398612      0.0494352
    6152.9279142844598027      0.0505326
    6148.2319145185119851      0.0514187
    6143.5360589095053001      0.0478775
    6138.8403474508513682      0.0474822
    6134.1447801358935976      0.0515359
    6129.4493569579062751      0.0515326
    6124.7540779103010209      0.0489284
    6120.0589429864876365      0.0478069
    6115.3639521797422276      0.0479849
    6110.6691054835418981      0.0481318
    6105.9744028911627538      0.0500488
    6101.2798443959482029      0.0487534
    6096.5854299913744399      0.0497863
    6091.8911596707857825      0.0488703
    6087.1970334274583365      0.0483789
    6082.5030512548000843      0.0469932
