Scan:     82      F12112+0305 2010-05-14 +01 40 26.0
         OPTICAL                 Jy    
        km/s-BAR                 I
   23504.2125633630785160      0.1627259
   23498.9688000285932503      0.1240084
   23493.7252067954505037      0.1488010
   23488.4817836554684618      0.1453799
   23483.2385306003234291      0.1341466
   23477.9954476217644697      0.1125008
   23472.7525347115333716      0.1033392
   23467.5097918612409558      0.0944389
   23462.2672190627708915      0.0828039
   23457.0248163077376375      0.0680096
   23451.7825835878829821      0.0555131
   23446.5405208950141969      0.0452497
   23441.2986282207530166      0.0486070
   23436.0569055569067132      0.0416508
   23430.8153528951552289      0.0353758
   23425.5739702272439899      0.0294021
   23420.3327575449184224      0.0300552
   23415.0917148399275902      0.0292695
   23409.8508421038786764      0.0267266
   23404.6101393287208339      0.0250295
   23399.3696065059957618      0.0243809
   23394.1292436274598003      0.0250551
   23388.8890506849784288      0.0234515
   23383.6490276701661060      0.0205775
   23378.4091745748446556      0.0208676
   23373.1694913906176225      0.0218347
   23367.9299781092995545      0.0202642
   23362.6906347226395155      0.0183495
   23357.4514612223138101      0.0184143
   23352.2124576001988316      0.0174863
   23346.9736238478471932      0.0199695
   23341.7349599571316503      0.0187284
   23336.4964659197285073      0.0208646
   23331.2581417273904663      0.0165278
   23326.0199873719320749      0.0168230
   23320.7820028449568781      0.0204883
   23315.5441881382794236      0.0189649
   23310.3065432436524134      0.0181269
   23305.0690681528139976      0.0181865
   23299.8317628574441187      0.0172603
   23294.5946273493573244      0.0185629
   23289.3576616202990408      0.0201484
   23284.1208656619492103      0.0181749
   23278.8842394661151047      0.0172079
   23273.6477830245494260      0.0179454
   23268.4114963289284788      0.0171654
   23263.1753793710595346      0.0156303
   23257.9394321426952956      0.0174085
   23252.7036546355084283      0.0185392
   23247.4680468413171184      0.0168868
   23242.2326087518013082      0.0180033
   23236.9973403588301153      0.0177013
   23231.7622416540289123      0.0193070
   23226.5273126292631787      0.0193075
   23221.2925532761546492      0.0187607
   23216.0579635865178716      0.0206063
   23210.8235435521564796      0.0210474
   23205.5892931646849320      0.0197995
   23200.3552124160560197      0.0193856
   23195.1213012978078041      0.0203134
   23189.8875598018858000      0.0203685
   23184.6539879199081042      0.0194963
   23179.4205856436783506      0.0208826
   23174.1873529649528791      0.0201722
   23168.9542898754698399      0.0219444
   23163.7213963669782970      0.0220322
   23158.4886724312891602      0.0208848
   23153.2561180601442175      0.0221766
   23148.0237332452998089      0.0228364
   23142.7915179784904467      0.0225174
   23137.5594722514688328      0.0228435
   23132.3275960559731175      0.0230173
   23127.0958893838214863      0.0209092
   23121.8643522268284869      0.0213347
   23116.6329845766013023      0.0243081
   23111.4017864250199636      0.0232029
   23106.1707577637644135      0.0203958
   23100.9398985847110453      0.0213965
   23095.7092088794779556      0.0230156
   23090.4786886400070216      0.0228823
   23085.2483378579090640      0.0220255
   23080.0181565250022686      0.0234866
   23074.7881446330866311      0.0218763
   23069.5583021738566458      0.0204358
   23064.3286291390468250      0.0206735
   23059.0991255206063215      0.0224146
   23053.8697913101495942      0.0227331
   23048.6406264994839148      0.0210978
   23043.4116310803583474      0.0204266
   23038.1828050445874396      0.0224637
   23032.9541483838474960      0.0252607
   23027.7256610900840315      0.0226300
   23022.4973431549078668      0.0205662
   23017.2691945701299119      0.0228009
   23012.0412153275683522      0.0222203
   23006.8134054189649760      0.0214587
   23001.5857648360688472      0.0230934
   22996.3582935706872377      0.0223117
   22991.1309916145692114      0.0223286
   22985.9038589595256781      0.0214466
   22980.6768955973675475      0.0237084
   22975.4501015197092784      0.0239148
   22970.2234767184963857      0.0229411
   22964.9970211854051740      0.0238912
   22959.7707349122538290      0.0228350
   22954.5446178908496222      0.0225260
   22949.3186701128688583      0.0226098
   22944.0928915702024824      0.0240740
   22938.8672822545813688      0.0220916
   22933.6418421578273410      0.0235940
   22928.4165712716167036      0.0229497
   22923.1914695878258499      0.0223847
   22917.9665370982038439      0.0225227
   22912.7417737945615954      0.0223764
   22907.5171796685790468      0.0213289
   22902.2927547121980751      0.0233105
   22897.0684989171022607      0.0233334
   22891.8444122750333918      0.0252306
   22886.6204947779442591      0.0230616
   22881.3967464174384077      0.0229896
   22876.1731671853995067      0.0212624
   22870.9497570735693444      0.0202591
   22865.7265160737661063      0.0210360
   22860.5034441777934262      0.0214292
   22855.2805413774112822      0.0214753
   22850.0578076643505483      0.0203659
   22844.8352430304948939      0.0207983
   22839.6128474675897451      0.0211243
   22834.3906209674532874      0.0205399
   22829.1685635218891548      0.0219469
   22823.9466751225809276      0.0264135
   22818.7249557614741207      0.0218263
   22813.5034054302450386      0.0233343
   22808.2820241207118670      0.0223476
   22803.0608118246782396      0.0194726
   22797.8397685340278258      0.0210126
   22792.6188942403750843      0.0219802
   22787.3981889355927706      0.0239009
   22782.1776526115681918      0.0233724
   22776.9572852599740145      0.0219714
   22771.7370868726211484      0.0224433
   22766.5170574413896247      0.0203607
   22761.2971969579666620      0.0197070
   22756.0775054142868612      0.0209198
   22750.8579828019683191      0.0221743
   22745.6386291130220343      0.0219809
   22740.4194443390588276      0.0214265
   22735.2004284719587304      0.0204756
   22729.9815815035362903      0.0214570
   22724.7629034255987790      0.0194520
   22719.5443942299643822      0.0188232
   22714.3260539083057665      0.0203925
   22709.1078824525720847      0.0191172
   22703.8898798545124009      0.0202030
   22698.6720461059303489      0.0187938
   22693.4543811986404762      0.0185045
   22688.2368851243954850      0.0193719
   22683.0195578750681307      0.0175503
   22677.8023994424729608      0.0179038
   22672.5854098183517635      0.0169544
   22667.3685889945190866      0.0145632
   22662.1519369628585991      0.0153951
   22656.9354537150429678      0.0165263
   22651.7191392430140695      0.0149343
   22646.5029935385973658      0.0149832
   22641.2870165934582474      0.0165414
   22636.0712083994803834      0.0137206
   22630.8555689485510811      0.0128364
   22625.6400982323357312      0.0150058
   22620.4247962427216407      0.0142484
   22615.2096629715852032      0.0157623
   22609.9946984106063610      0.0143784
   22604.7799025517306291      0.0130691
   22599.5652753866306739      0.0134954
   22594.3508169072629244      0.0125970
   22589.1365271053655306      0.0155195
   22583.9224059727530403      0.0145039
   22578.7084535012363631      0.0137952
   22573.4946696826955304      0.0154139
   22568.2810545088759682      0.0148808
   22563.0676079716577078      0.0162271
   22557.8543300627825374      0.0171006
   22552.6412207741341263      0.0182272
   22547.4282800974542624      0.0184892
   22542.2155080246884609      0.0186776
   22537.0029045475203020      0.0188660
   22531.7904696578916628      0.0190545
   22526.5782033475443313      0.0192430
   22521.3661056083001313      0.0194315
   22516.1541764320281800      0.0196200
   22510.9424158106157847      0.0198085
   22505.7308237356664904      0.0199971
   22500.5194001992022095      0.0201857
   22495.3081451929574541      0.0203743
   22490.0970587087540480      0.0205629
   22484.8861407384647464      0.0207516
   22479.6753912739040970      0.0209402
   22474.4648103068866476      0.0211289
   22469.2543978292887914      0.0213177
   22464.0441538328559545      0.0190859
   22458.8340783093990467      0.0202866
   22453.6241712508635828      0.0199370
   22448.4144326490022650      0.0184315
   22443.2048624956842104      0.0179416
   22437.9954607826621213      0.0201494
   22432.7862275018778746      0.0204512
   22427.5771626450732583      0.0189667
   22422.3682662040664582      0.0191373
   22417.1595381708029890      0.0193190
   22411.9509785370282771      0.0204239
   22406.7425872946150776      0.0192272
   22401.5343644353160926      0.0207847
   22396.3263099510731990      0.0213602
   22391.1184238337009447      0.0226792
   22385.9107060749447555      0.0202137
   22380.7031566667428706      0.0218760
   22375.4957756009207515      0.0221420
   22370.2885628692129103      0.0211380
   22365.0815184636376216      0.0219531
   22359.8746423758675519      0.0215016
   22354.6679345977900084      0.0231696
   22349.4613951212777465      0.0243328
   22344.2550239381416759      0.0243777
   22339.0488210402654659      0.0244601
   22333.8427864193909045      0.0222293
   22328.6369200674671447      0.0225895
   22323.4312219763050962      0.0254283
   22318.2256921377156687      0.0231883
   22313.0203305435788934      0.0238504
   22307.8151371857056802      0.0237779
   22302.6101120559724222      0.0221009
   22297.4052551461936673      0.0235414
   22292.2005664482530847      0.0211624
   22286.9960459539579460      0.0208129
   22281.7916936551227991      0.0218207
   22276.5875095436858828      0.0224767
   22271.3834936114071752      0.0224600
   22266.1796458502140013      0.0240048
   22260.9759662519354606      0.0243406
   22255.7724548083715490      0.0226745
   22250.5691115114095737      0.0248431
   22245.3659363528531685      0.0228980
   22240.1629293245896406      0.0243034
   22234.9600904185572290      0.0220992
   22229.7574196264395141      0.0236940
   22224.5549169402511325      0.0239110
   22219.3525823517302342      0.0217955
   22214.1504158526913670      0.0236521
   22208.9484174351455295      0.0228844
   22203.7465870907835779      0.0227101
   22198.5449248115983210      0.0220484
   22193.3434305893533747      0.0209375
   22188.1421044159105804      0.0184256
   22182.9409462832300051      0.0210315
   22177.7399561829806771      0.0224941
   22172.5391341072463547      0.0231405
   22167.3384800477069803      0.0232064
   22162.1379939962353092      0.0221659
   22156.9376759447841323      0.0221778
   22151.7375258851570834      0.0227414
   22146.5375438092414697      0.0208666
   22141.3377297088482010      0.0215112
   22136.1380835759155161      0.0226430
   22130.9386054021961172      0.0218414
   22125.7392951796355192      0.0218382
   22120.5401529001064773      0.0218715
   22115.3411785553616937      0.0222042
   22110.1423721374085289      0.0222327
   22104.9437336379924091      0.0234494
   22099.7452630490624870      0.0220338
   22094.5469603624915180      0.0230766
   22089.3488255700322043      0.0259826
   22084.1508586636264226      0.0236443
   22078.9530596352196881      0.0221425
   22073.7554284764846670      0.0212189
   22068.5579651794469100      0.0215921
   22063.3606697359755344      0.0239461
   22058.1635421378887258      0.0228843
   22052.9665823769901181      0.0211804
   22047.7697904452979856      0.0217269
   22042.5731663345577545      0.0213153
   22037.3767100366494560      0.0208591
   22032.1804215435804508      0.0218471
   22026.9843008470306813      0.0208388
   22021.7883479390147841      0.0216130
   22016.5925628113436687      0.0207973
   22011.3969454559592123      0.0223410
   22006.2014958646177547      0.0204260
   22001.0062140292538970      0.0212193
   21995.8110999417476705      0.0192419
   21990.6161535940518661      0.0211322
   21985.4213749779009959      0.0215978
   21980.2267640851860051      0.0220587
   21975.0323209079069784      0.0228396
   21969.8380454378166178      0.0230481
   21964.6439376669259218      0.0219861
   21959.4499975869839545      0.0213843
   21954.2562251898598333      0.0220941
   21949.0626204675754707      0.0198669
   21943.8691834118690167      0.0237670
   21938.6759140146932623      0.0245561
   21933.4828122679900844      0.0232315
   21928.2898781635667547      0.0210804
   21923.0971116932414589      0.0222490
   21917.9045128489597118      0.0230764
   21912.7120816225979070      0.0224955
   21907.5198180060324376      0.0241327
   21902.3277219912124565      0.0233615
   21897.1357935699525115      0.0220123
   21891.9440327341944794      0.0201322
   21886.7524394757492701      0.0198139
   21881.5610137865623983      0.0192196
   21876.3697556585138955      0.0196358
   21871.1786650834874308      0.0199093
   21865.9877420532902761      0.0205614
   21860.7969865599989134      0.0196287
   21855.6063985952932853      0.0190954
   21850.4159781511880283      0.0195610
   21845.2257252195631736      0.0208853
   21840.0356397922951146      0.0173048
   21834.8457218612566066      0.0193711
   21829.6559714184040786      0.0185904
   21824.4663884555448021      0.0178793
   21819.2769729645551706      0.0193469
   21814.0877249374534586      0.0184247
   21808.8986443660432997      0.0182620
   21803.7097312422083633      0.0200650
   21798.5209855578978022      0.0191637
   21793.3324073049843719      0.0174912
   21788.1439964753481036      0.0204527
   21782.9557530608653906      0.0202750
   21777.7676770535545074      0.0191472
   21772.5797684451608802      0.0176313
   21767.3920272276227479      0.0192872
   21762.2044533929547470      0.0179039
   21757.0170469329059415      0.0193674
   21751.8298078394182085      0.0201001
   21746.6427361044407007      0.0194713
   21741.4558317198498116      0.0207949
   21736.2690946775219345      0.0203738
   21731.0825249693407386      0.0211814
   21725.8961225872481009      0.0201827
   21720.7098875231895363      0.0208557
   21715.5238197690450761      0.0198809
   21710.3379193166256300      0.0189801
   21705.1521861579458346      0.0202252
   21699.9666202848129615      0.0194247
   21694.7812216892452852      0.0209994
   21689.5959903631155612      0.0198527
   21684.4109262982456130      0.0218454
   21679.2260294866355252      0.0233036
   21674.0412999201689672      0.0211269
   21668.8567375907223322      0.0230746
   21663.6723424902484112      0.0188995
   21658.4881146106199594      0.0207059
   21653.3040539437824918      0.0205670
   21648.1201604816851614      0.0217681
   21642.9364342161352397      0.0213677
   21637.7528751390127582      0.0203004
   21632.5694832423978369      0.0188072
   21627.3862585180322640      0.0211538
   21622.2032009579343139      0.0225359
   21617.0203105540458637      0.0202194
   21611.8375872981814609      0.0204650
   21606.6550311822829826      0.0216118
   21601.4726421982995817      0.0224178
   21596.2904203381694970      0.0234934
   21591.1083655937145522      0.0237440
   21585.9264779568693484      0.0218834
   21580.7447574196557980      0.0234041
   21575.5632039738811727      0.0245868
   21570.3818176115601091      0.0233605
   21565.2005983244998788      0.0234040
   21560.0195461047187564      0.0217259
   21554.8386609440240136      0.0210212
   21549.6579428344302869      0.0193327
   21544.4773917678794533      0.0225953
   21539.2970077361860604      0.0229561
   21534.1167907313647447      0.0226358
   21528.9367407452918997      0.0213631
   21523.7568577699094021      0.0226416
   21518.5771417971045594      0.0202512
   21513.3975928188774560      0.0232627
   21508.2182108270535537      0.0233724
   21503.0389958136329369      0.0231328
   21497.8599477705065510      0.0248020
   21492.6810666896053590      0.0220971
   21487.5023525628857897      0.0222968
   21482.3238053822242364      0.0215090
   21477.1454251396280597      0.0202931
   21471.9672118269154453      0.0214770
   21466.7891654360282701      0.0220627
   21461.6112859590466542      0.0223300
   21456.4335733877160237      0.0233763
   21451.2560277140473772      0.0233069
   21446.0786489299862296      0.0226790
   21440.9014370274089742      0.0216474
   21435.7243919983375235      0.0208714
   21430.5475138345682353      0.0205701
   21425.3708025281230221      0.0209434
   21420.1942580709510366      0.0210269
   21415.0178804549868801      0.0204130
   21409.8416696721214976      0.0201413
   21404.6656257142858522      0.0225158
   21399.4897485734363727      0.0227599
   21394.3140382415185741      0.0235701
   21389.1384947104052117      0.0234825
   21383.9631179721764056      0.0223814
   21378.7879080185775820      0.0219736
   21373.6128648416888609      0.0233667
   21368.4379884334593953      0.0242601
   21363.2632787857583025      0.0231574
   21358.0887358904692519      0.0224053
   21352.9143597396760015      0.0232664
   21347.7401503251858230      0.0225143
   21342.5661076390060771      0.0222959
   21337.3922316730931925      0.0228742
   21332.2185224193817703      0.0247129
   21327.0449798698246013      0.0235280
   21321.8716040162944410      0.0217057
   21316.6983948507404421      0.0244598
   21311.5253523652390868      0.0218114
   21306.3524765516085608      0.0226577
   21301.1797674017834652      0.0240949
   21296.0072249077857123      0.0238659
   21290.8348490615571791      0.0219971
   21285.6626398549742589      0.0205478
   21280.4905972800515883      0.0240414
   21275.3187213287346822      0.0245085
   21270.1470119928999338      0.0242365
   21264.9754692645619798      0.0213613
   21259.8040931356663350      0.0220819
   21254.6328835981512384      0.0209845
   21249.4618406439076352      0.0226554
   21244.2909642650047317      0.0228759
   21239.1202544533225591      0.0229187
   21233.9497112008102704      0.0226445
   21228.7793344994788640      0.0231576
   21223.6091243412047334      0.0205357
   21218.4390807179333933      0.0220459
   21213.2692036217449640      0.0215679
   21208.0994930444503552      0.0214125
   21202.9299489780642034      0.0222702
   21197.7605714145247475      0.0206902
   21192.5913603457884165      0.0234507
   21187.4223157638589328      0.0244266
   21182.2534376606818114      0.0230842
   21177.0847260281407216      0.0235272
   21171.9161808583085076      0.0239519
   21166.7478021430033550      0.0224462
   21161.5795898743017460      0.0207238
   21156.4115440441455576      0.0218157
   21151.2436646444148209      0.0229107
   21146.0759516671241727      0.0235333
   21140.9084051042846113      0.0226194
   21135.7410249478380138      0.0207011
   21130.5738111896680493      0.0213669
   21125.4067638217857166      0.0234891
   21120.2398828361292544      0.0211433
   21115.0731682247896970      0.0214861
   21109.9066199795706780      0.0215701
   21104.7402380924868339      0.0226085
   21099.5740225554800418      0.0223135
   21094.4079733606340596      0.0207592
   21089.2420904997597972      0.0219303
   21084.0763739649300987      0.0224114
   21078.9108237480977550      0.0217456
   21073.7454398412701266      0.0223774
   21068.5802222362653993      0.0236565
   21063.4151709251527791      0.0212007
   21058.2502858998850570      0.0215409
   21053.0855671524695936      0.0224466
   21047.9210146747900581      0.0217982
   21042.7566284589192946      0.0236138
   21037.5924084968064562      0.0221977
   21032.4283547803315741      0.0231589
   21027.2644673016329762      0.0221456
   21022.1007460525288479      0.0202115
   21016.9371910250338260      0.0220334
   21011.7738022111516329      0.0223036
   21006.6105796028350596      0.0233448
   21001.4475231920878286      0.0231821
   20996.2846329708627309      0.0215596
   20991.1219089311707648      0.0227535
   20985.9593510648883239      0.0205003
   20980.7969593640918902      0.0225127
   20975.6347338207306166      0.0219248
   20970.4726744268155016      0.0221197
   20965.3107811742229387      0.0226420
   20960.1490540550403239      0.0218539
   20954.9874930611986201      0.0209188
   20949.8260981847233779      0.0235410
   20944.6648694174837146      0.0227404
   20939.5038067515633884      0.0229760
   20934.3429101789079141      0.0238059
   20929.1821796915246523      0.0231152
   20924.0216152814282395      0.0209707
   20918.8612169404987071      0.0222534
   20913.7009846607470536      0.0210530
   20908.5409184342497610      0.0234184
   20903.3810182528941368      0.0221008
   20898.2212841086802655      0.0217506
   20893.0617159936227836      0.0198087
   20887.9023138997399656      0.0224485
   20882.7430778189082048      0.0213560
   20877.5840077432694670      0.0223550
   20872.4251036646383000      0.0219317
   20867.2663655751530314      0.0208616
   20862.1077934667046065      0.0217914
   20856.9493873313003860      0.0216878
   20851.7911471610095759      0.0225329
   20846.6330729477267596      0.0228173
   20841.4751646834483836      0.0218101
   20836.3174223601999984      0.0214640
   20831.1598459699853265      0.0217208
   20826.0024355048190046      0.0222731
   20820.8451909565774258      0.0227341
   20815.6881123174098320      0.0232800
   20810.5311995791889785      0.0227302
   20805.3744527340022614      0.0244525
   20800.2178717737187981      0.0241144
   20795.0614566904878302      0.0240263
   20789.9052074762548727      0.0229445
   20784.7491241228999570      0.0222865
   20779.5932066225686867      0.0224191
   20774.4374549671338173      0.0221672
   20769.2818691486791067      0.0226152
   20764.1264491592191916      0.0219980
   20758.9711949907577946      0.0221728
   20753.8161066351785848      0.0209931
   20748.6611840845616825      0.0208002
   20743.5064273309835698      0.0224948
   20738.3518363663206401      0.0241646
   20733.1974111825911677      0.0222385
   20728.0431517718643590      0.0212687
   20722.8890581260966428      0.0196623
   20717.7351302372881037      0.0223612
   20712.5813680975261377      0.0237377
   20707.4277716986871383      0.0209044
   20702.2743410328475875      0.0207287
   20697.1210760920221219      0.0207698
   20691.9679768681562564      0.0231680
   20686.8150433533228352      0.0231113
   20681.6622755394746491      0.0241469
   20676.5096734186226968      0.0231416
   20671.3572369828361843      0.0221792
   20666.2049662241406622      0.0224427
   20661.0528611344052479      0.0229774
   20655.9009217057828209      0.0227260
   20650.7491479302079824      0.0225090
   20645.5975397997026448      0.0236807
   20640.4460973062741687      0.0215668
   20635.2948204419299145      0.0217266
   20630.1437091986954329      0.0207635
   20624.9927635686362919      0.0238410
   20619.8419835437016445      0.0225065
   20614.6913691159024893      0.0230401
   20609.5409202772571007      0.0227982
   20604.3906370197728393      0.0224336
   20599.2405193355225492      0.0217419
   20594.0905672164626594      0.0233655
   20588.9407806546623760      0.0210432
   20583.7911596420744900      0.0226369
   20578.6417041707718454      0.0230290
   20573.4924142326999572      0.0243990
   20568.3432898199425836      0.0225945
   20563.1943309245034470      0.0239912
   20558.0455375384699437      0.0229369
   20552.8969096537111909      0.0217625
   20547.7484472623182228      0.0206023
   20542.6001503563602455      0.0233621
   20537.4520189277827740      0.0209500
   20532.3040529687314120      0.0219659
   20527.1562524710207072      0.0212275
   20522.0086174268653849      0.0217265
   20516.8611478282073222      0.0210063
   20511.7138436671193631      0.0192552
   20506.5667049356197822      0.0216939
   20501.4197316255922487      0.0223423
   20496.2729237292332982      0.0194406
   20491.1262812385029974      0.0201143
   20485.9798041454087070      0.0214433
   20480.8334924420232710      0.0196970
   20475.6873461203649640      0.0208945
   20470.5413651723793009      0.0224838
   20465.3955495902082475      0.0163207
