Scan:     76      F14423-2039 2010-05-02 +04 14 03.0
         OPTICAL                 Jy    
        km/s-BAR                 I
    5480.0260834280006748      0.0206199
    5475.3510998970632500      0.0875978
    5470.6762595505197169      0.0853871
    5466.0015623819126631      0.0716266
    5461.3270083845864065      0.0630255
    5456.6525975519498388      0.0687380
    5451.9783298774800642      0.0612819
    5447.3042053545195813      0.0627299
    5442.6302239766109778      0.0597636
    5437.9563857370994810      0.0697512
    5433.2826906294594664      0.0618969
    5428.6091386469688587      0.0566051
    5423.9357297833030316      0.0734358
    5419.2624640316726072      0.0787917
    5414.5893413856210827      0.0816499
    5409.9163618384900474      0.0765045
    5405.2435253837575146      0.0808717
    5400.5708320148987696      0.0795146
    5395.8982817252572204      0.0767782
    5391.2258745082435780      0.0800081
    5386.5536103574013396      0.0786343
    5381.8814892660711848      0.0852100
    5377.2095112277320368      0.0900456
    5372.5376762357918778      0.0872866
    5367.8659842835950258      0.0798840
    5363.1944353646849777      0.0875426
    5358.5230294725370186      0.0876515
    5353.8517666004954663      0.0896740
    5349.1806467419683031      0.0865541
    5344.5096698903671495      0.0895759
    5339.8388360392345930      0.0886915
    5335.1681451819813446      0.0891073
    5330.4975973120144772      0.0889211
    5325.8271924227465206      0.0876260
    5321.1569305075863667      0.0919322
    5316.4868115600766032      0.0918415
    5311.8168355736279409      0.0906558
    5307.1470025415828786      0.0918997
    5302.4773124573521272      0.0902006
    5297.8077653145437580      0.0878085
    5293.1383611065020887      0.0887181
    5288.4690998266369206      0.0886093
    5283.7999814684899320      0.0902505
    5279.1310060252744734      0.0883020
    5274.4621734906631900      0.0944534
    5269.7934838580677024      0.0901938
    5265.1249371208314187      0.0879996
    5260.4565332723632309      0.0911556
    5255.7882723062066361      0.0905941
    5251.1201542157705262      0.0904114
    5246.4521789945329147      0.0913377
    5241.7843466359036029      0.0867126
    5237.1166571332232706      0.0909385
    5232.4491104800381436      0.0920385
    5227.7817066698889903      0.0918616
    5223.1144456959882518      0.0882174
    5218.4473275519421804      0.0925115
    5213.7803522311633060      0.0895934
    5209.1135197270605204      0.0867772
    5204.4468300331764112      0.0908114
    5199.7802831427889032      0.0898571
    5195.1138790494396744      0.0931355
    5190.4476177466058289      0.0912361
    5185.7814992276971680      0.0960051
    5181.1155234861898862      0.0910070
    5176.4496905154928754      0.0844401
    5171.7840003089513630      0.0923619
    5167.1184528602407227      0.0901123
    5162.4530481627034533      0.0856575
    5157.7877862097502657      0.0893015
    5153.1226669947909613      0.0885089
    5148.4576905113672183      0.0902881
    5143.7928567529570500      0.0931472
    5139.1281657129029554      0.0921272
    5134.4636173847475220      0.0872497
    5129.7992117618359771      0.0880740
    5125.1349488377754824      0.0904265
    5120.4708286059103557      0.0901435
    5115.8068510597167915      0.0910565
    5111.1430161925391076      0.0857843
    5106.4793239979844657      0.0902570
    5101.8157744695317888      0.0897883
    5097.1523676004571826      0.0849992
    5092.4891033843678088      0.0876929
    5087.8259818146107136      0.0874129
    5083.1630028847930589      0.0913704
    5078.5001665881918598      0.0917739
    5073.8374729184160969      0.0893268
    5069.1749218687446046      0.0887556
    5064.5125134327845444      0.0921692
    5059.8502476039475368      0.0940518
    5055.1881243757097764      0.0930132
    5050.5261437415456385      0.0939543
    5045.8643056947339574      0.0894616
    5041.2026102290164999      0.0903047
    5036.5410573376702814      0.0909418
    5031.8796470141714963      0.0895032
    5027.2183792519981580      0.0895624
    5022.5572540446228231      0.0898504
    5017.8962713855262336      0.0910954
    5013.2354312681154624      0.0905153
    5008.5747336859340066      0.0916356
    5003.9141786322597909      0.0908387
    4999.2537661008327632      0.0920071
    4994.5934960848671835      0.0919356
    4989.9333685779683947      0.0903102
    4985.2733835735489265      0.0858426
    4980.6135410650849735      0.0872019
    4975.9538410460509112      0.0911668
    4971.2942835098592695      0.0913930
    4966.6348684500499076      0.0916471
    4961.9755958599698715      0.0931678
    4957.3164657332263232      0.0891455
    4952.6574780632281545      0.0876053
    4947.9986328434551979      0.0894080
    4943.3399300673136167      0.0866094
    4938.6813697282832436      0.0874747
    4934.0229518199030281      0.0895405
    4929.3646763356537122      0.0922359
    4924.7065432688750661      0.0893748
    4920.0485526131114966      0.0932245
    4915.3907043618391981      0.0883816
    4910.7329985085352746      0.0877999
    4906.0754350466759206      0.0844709
    4901.4180139697373306      0.0876479
    4896.7607352710620034      0.0915087
    4892.1035989442598293      0.0876190
    4887.4466049828079122      0.0841264
    4882.7897533801151440      0.0924237
    4878.1330441296595382      0.0897176
    4873.4764772249827729      0.0922277
    4868.8200526594273470      0.0934494
    4864.1637704266049695      0.0887648
    4859.5076305199236231      0.0923816
    4854.8516329327940184      0.0921711
    4850.1957776588260458      0.0929442
    4845.5400646914276876      0.0905521
    4840.8844940240787764      0.0907923
    4836.2290656502518686      0.0909739
    4831.5737795633585847      0.0890602
    4826.9186357570088148      0.0915454
    4822.2636342246123604      0.0899951
    4817.6087749596445065      0.0919935
    4812.9540579555823570      0.0893600
    4808.2994832059030159      0.0891598
    4803.6450507040826778      0.0881302
    4798.9907604435957182      0.0947438
    4794.3366124179883627      0.0886518
    4789.6826066206022006      0.0895033
    4785.0287430451116961      0.0900899
    4780.3750216847975025      0.0875209
    4775.7214425332649625      0.0899941
    4771.0680055839266061      0.0917182
    4766.4147108303914138      0.0876721
    4761.7615582660018845      0.0896927
    4757.1085478842351222      0.0855571
    4752.4556796787010171      0.0907008
    4747.8029536427420680      0.0914231
    4743.1503697699681652      0.0872178
    4738.4979280538545936      0.0885742
    4733.8456284877474900      0.0930685
    4729.1934710652531066      0.0913222
    4724.5414557797830639      0.0864418
    4719.8895826249472520      0.0904699
    4715.2378515941545629      0.0909530
    4710.5862626808821005      0.0888957
    4705.9348158785387568      0.0890552
    4701.2835111807335124      0.0882045
    4696.6323485809452905      0.0853963
    4691.9813280726484663      0.0904042
    4687.3304496493201441      0.0939252
    4682.6797133044365182      0.0946869
    4678.0291190314746927      0.0913945
    4673.3786668239763458      0.0902541
    4668.7283566754185813      0.0888311
    4664.0781885792121102      0.0876688
    4659.4281625290313968      0.0916835
    4654.7782785181543659      0.0917842
    4650.1285365402563912      0.0907855
    4645.4789365886808810      0.0921508
    4640.8294786569049393      0.0864817
    4636.1801627386039399      0.0865203
    4631.5309888271876844      0.0874868
    4626.8819569161323670      0.0899929
    4622.2330669988486989      0.0914734
    4617.5843190689456605      0.0899123
    4612.9357131198994466      0.0872207
    4608.2872491451871610      0.0861887
    4603.6389271383513915      0.0911591
    4598.9907470927355462      0.0903562
    4594.3427090020823016      0.0923620
    4589.6948128596686729      0.0921685
    4585.0470586591027313      0.0884794
    4580.3994463938624904      0.0929304
    4575.7519760574232350      0.0903803
    4571.1046476433284624      0.0902683
    4566.4574611450552766      0.0909876
    4561.8104165560789625      0.0859991
    4557.1635138698757146      0.0894638
    4552.5167530800572422      0.0904381
    4547.8701341800306182      0.0935395
    4543.2236571633402491      0.0887049
    4538.5773220233959364      0.0869656
    4533.9311287538748729      0.0918958
    4529.2850773481841316      0.0887532
    4524.6391677997344232      0.0869501
    4519.9934001022038501      0.0859928
    4515.3477742489330922      0.0884011
    4510.7022902335347680      0.0913597
    4506.0569480494823438      0.0926011
    4501.4117476902529233      0.0914789
    4496.7666891493900039      0.0910052
    4492.1217724203706894      0.0919172
    4487.4769974967366579      0.0900223
    4482.8323643719650136      0.0935963
    4478.1878730395974344      0.0900265
    4473.5435234930455408      0.0933432
    4468.8993157259183135      0.0946091
    4464.2552497316919471      0.0921893
    4459.6113255039090291      0.0882232
    4454.9675430359802704      0.0934450
    4450.3239023215146517      0.0909132
    4445.6804033539892771      0.0909859
    4441.0370461268785220      0.0931204
    4436.3938306337277027      0.0927680
    4431.7507568680794066      0.0907483
    4427.1078248233425256      0.0890239
    4422.4650344931933432      0.0915649
    4417.8223858709752676      0.0931208
    4413.1798789502990985      0.0929682
    4408.5375137245719088      0.0966964
    4403.8952901874727104      0.0998827
    4399.2532083323421830      0.1034034
    4394.6112681528593384      0.1076661
    4389.9694696423648566      0.1042591
    4385.3278127945350207      0.1060616
    4380.6862976028478442      0.1033161
    4376.0449240607131287      0.1042925
    4371.4036921617389453      0.1052689
    4366.7626018994023980      0.1062453
    4362.1216532672469839      0.1072218
    4357.4808462588143811      0.1054073
    4352.8401808675826032      0.1036981
    4348.1996570870260257      0.1090966
    4343.5592749107563577      0.1073783
    4338.9190343322488843      0.1089204
    4334.2789353450471026      0.1077403
    4329.6389779426272071      0.1090481
    4324.9991621184635733      0.1142668
    4320.3594878661697294      0.1195593
    4315.7199551792855345      0.1168214
    4311.0805640512880927      0.1212832
    4306.4413144756545080      0.1215454
    4301.8022064459273679      0.1272796
    4297.1632399556492601      0.1338783
    4292.5244149983645912      0.1390680
    4287.8857315676150392      0.1374717
    4283.2471896568094962      0.1392366
    4278.6087892595596713      0.1404271
    4273.9705303694063332      0.1403771
    4269.3324129798284048      0.1370454
    4264.6944370843675642      0.1353175
    4260.0566026765000061      0.1331733
    4255.4189097498347110      0.1314567
    4250.7813582978487830      0.1309611
    4246.1439483140857192      0.1315368
    4241.5066797920217141      0.1317375
    4236.8695527252657484      0.1294251
    4232.2325671073604099      0.1265794
    4227.5957229317173187      0.1298711
    4222.9590201919445462      0.1295696
    4218.3224588815191964      0.1283820
    4213.6860389940493405      0.1294315
    4209.0497605230139015      0.1293580
    4204.4136234619536481      0.1225654
    4199.7776278044120772      0.1306038
    4195.1417735438662930      0.1279890
    4190.5060606739252762      0.1227817
    4185.8704891880661307      0.1216518
    4181.2350590798314443      0.1237061
    4176.5997703426965018      0.1236159
    4171.9646229703384961      0.1280911
    4167.3296169562336217      0.1304432
    4162.6947522938589827      0.1270488
    4158.0600289767562572      0.1276677
    4153.4254469984698517      0.1277883
    4148.7910063525423539      0.1236241
    4144.1567070325809254      0.1260378
    4139.5225490319990058      0.1260445
    4134.8885323443382731      0.1262853
    4130.2546569632731916      0.1252072
    4125.6209228822153818      0.1277161
    4120.9873300947747339      0.1253376
    4116.3538785944256233      0.1269619
    4111.7205683747133662      0.1259828
    4107.0873994292460338      0.1252484
    4102.4543717514334276      0.1216927
    4097.8214853349527402      0.1213559
    4093.1887401732788021      0.1215237
    4088.5561362599560198      0.1275765
    4083.9236735885265261      0.1292079
    4079.2913521525338183      0.1287796
    4074.6591719455204839      0.1258539
    4070.0271329609631721      0.1241127
    4065.3952351924713184      0.1216523
    4060.7634786336543584      0.1245340
    4056.1318632779225481      0.1272369
    4051.5003891188848684      0.1239188
    4046.8690561500843614      0.1241042
    4042.2378643650640697      0.1255914
    4037.6068137573674903      0.1255701
    4032.9759043205372109      0.1248369
    4028.3451360480494259      0.1248902
    4023.7145089335135708      0.1264497
    4019.0840229705395359      0.1254196
    4014.4536781526039704      0.1311502
    4009.8234744731830688      0.1260767
    4005.1934119260190528      0.1238399
    4000.5634905044557854      0.1247242
    3995.9337102021686405      0.1235211
    3991.3040710126347221      0.1207197
    3986.6745729293970726      0.1178176
    3982.0452159460646726      0.1165677
    3977.4160000561810193      0.1196710
    3972.7869252532887003      0.1152315
    3968.1579915309312128      0.1199683
    3963.5291988825838416      0.1141140
    3958.9005473019237797      0.1139777
    3954.2720367824272216      0.1154393
    3949.6436673176367549      0.1209915
    3945.0154389010958766      0.1177177
    3940.3873515264795060      0.1217402
    3935.7594051871992633      0.1205401
    3931.1315998769305224      0.1223371
    3926.5039355890826300      0.1210722
    3921.8764123172654763      0.1196057
    3917.2490300551548899      0.1180133
    3912.6217887960947337      0.1195401
    3907.9946885338272295      0.1197314
    3903.3677292617626335      0.1169939
    3898.7409109735763195      0.1158719
    3894.1142336628122393      0.1155427
    3889.4876973229456780      0.1155538
    3884.8613019475201327      0.1102353
    3880.2350475302123414      0.1095803
    3875.6089340644975891      0.1102109
    3870.9829615439198278      0.1124021
    3866.3571299621548860      0.1110947
    3861.7314393126116556      0.1102966
    3857.1058895889013911      0.1117415
    3852.4804807846317090      0.1111761
    3847.8552128933474705      0.1109713
    3843.2300859085903539      0.1054381
    3838.6050998239038563      0.1040599
    3833.9802546328974131      0.0992997
    3829.3555503290472188      0.0955459
    3824.7309869060295568      0.0949522
    3820.1065643573874695      0.0989601
    3815.4822826765312129      0.0953225
    3810.8581418572020993      0.0956155
    3806.2341418929445354      0.0970285
    3801.6102827772342607      0.0936685
    3796.9865645036143178      0.0925485
    3792.3629870658273830      0.0851454
    3787.7395504572837126      0.0904153
    3783.1162546715922872      0.0921404
    3778.4930997023629970      0.0909229
    3773.8700855430051888      0.0887360
    3769.2472121873283868      0.0893924
    3764.6244796287428471      0.0869066
    3760.0018878608575505      0.0895214
    3755.3794368771486916      0.0885620
    3750.7571266712934630      0.0879159
    3746.1349572368999361      0.0920251
    3741.5129285674456696      0.0902721
    3736.8910406565400990      0.0941189
    3732.2692934976594188      0.0927273
    3727.6476870845453959      0.0905703
    3723.0262214106091960      0.0886650
    3718.4048964695271025      0.0895465
    3713.7837122547739455      0.0888218
    3709.1626687600933110      0.0857721
    3704.5417659788954552      0.0880395
    3699.9210039047898135      0.0857620
    3695.3003825313849120      0.0852597
    3690.6799018521578546      0.0905359
    3686.0595618608517725      0.0906058
    3681.4393625508760124      0.0905260
    3676.8193039159727959      0.0865788
    3672.1993859494864409      0.0897500
    3667.5796086452255622      0.0906700
    3662.9599719966663542      0.0953448
    3658.3404759973518594      0.0928694
    3653.7211206409592705      0.0893884
    3649.1019059208965700      0.0878345
    3644.4828318309077986      0.0901449
    3639.8638983645355438      0.0909001
    3635.2451055152560002      0.0903452
    3630.6264532768127538      0.0918546
    3626.0079416426142416      0.0899190
    3621.3895706063372018      0.0879177
    3616.7713401615919793      0.0928648
    3612.1532503018534044      0.0931913
    3607.5353010207986699      0.0929088
    3602.9174923119703635      0.0911100
    3598.2998241689119823      0.0898427
    3593.6822965852989000      0.0892630
    3589.0649095546746139      0.0881202
    3584.4476630705153184      0.0853603
    3579.8305571265636900      0.0885345
    3575.2135917162959231      0.0856134
    3570.5967668333887559      0.0894747
    3565.9800824712510803      0.0919780
    3561.3635386236928753      0.0882577
    3556.7471352841903354      0.0867290
    3552.1308724463533508      0.0917395
    3547.5147501037245092      0.0895572
    3542.8987682498463982      0.0903385
    3538.2829268784626038      0.0933514
    3533.6672259829820177      0.0916330
    3529.0516655571482261      0.0902995
    3524.4362455944374233      0.0888888
    3519.8209660885249832      0.0877528
    3515.2058270329544030      0.0877129
    3510.5908284212687249      0.0932607
    3505.9759702471437777      0.0918701
    3501.3612525040562105      0.0950749
    3496.7466751857486997      0.0889872
    3492.1322382857642879      0.0940775
    3487.5179417975787146      0.0885327
    3482.9037857149360207      0.0891604
    3478.2897700312446432      0.0906631
    3473.6758947403141065      0.0931162
    3469.0621598356215145      0.0879000
    3464.4485653107094549      0.0891137
    3459.8351111592537563      0.0885670
    3455.2217973748647637      0.0896517
    3450.6086239510846099      0.0897361
    3445.9955908815227303      0.0918498
    3441.3826981597890153      0.0886427
    3436.7699457793605688      0.0901887
    3432.1573337340450962      0.0939722
    3427.5448620173206109      0.0943075
    3422.9325306227292458      0.0915202
    3418.3203395439468295      0.0896872
    3413.7082887745837070      0.0933454
    3409.0963783081820111      0.0943195
    3404.4846081384184799      0.0926770
    3399.8729782587688533      0.0955185
    3395.2614886629103239      0.0933642
    3390.6501393444514179      0.0947146
    3386.0389302970020253      0.0936972
    3381.4278615141056434      0.0916314
    3376.8169329893044051      0.0911687
    3372.2061447163409866      0.0866908
    3367.5954966888257331      0.0873563
    3362.9849889002339296      0.0902025
    3358.3746213442432236      0.0920272
    3353.7643940143948385      0.0879640
    3349.1543069043664218      0.0871786
    3344.5443600077001065      0.0945761
    3339.9345533180717212      0.0928971
    3335.3248868290252176      0.0892218
    3330.7153605341691218      0.0877517
    3326.1059744271801719      0.0909414
    3321.4967285015345624      0.0889123
    3316.8876227509749697      0.0914414
    3312.2786571689111952      0.0889640
    3307.6698317491527632      0.0885526
    3303.0611464853091093      0.0943344
    3298.4526013707900347      0.0913160
    3293.8441963994041544      0.0926138
    3289.2359315645626339      0.0896226
    3284.6278068600736333      0.0853356
    3280.0198222794797402      0.0884466
    3275.4119778163258161      0.0845814
    3270.8042734642190226      0.0870301
    3266.1967092169038551      0.0873797
    3261.5892850678565082      0.0908232
    3256.9820010107519010      0.0924906
    3252.3748570391339854      0.0912897
    3247.7678531466785898      0.0868612
    3243.1609893269287568      0.0879169
    3238.5542655736271627      0.0866943
    3233.9476818803173046      0.0901045
    3229.3412382404744676      0.0869775
    3224.7349346479750238      0.0861171
    3220.1287710962287747      0.0915668
    3215.5227475789120035      0.0896086
    3210.9168640896341458      0.0881416
    3206.3111206220046370      0.0900349
    3201.7055171697002152      0.0865294
    3197.1000537262630132      0.0899166
    3192.4947302853688598      0.0904550
    3187.8895468404953135      0.0846013
    3183.2845033854505346      0.0864850
    3178.6795999137120816      0.0911153
    3174.0748364190217217      0.0898953
    3169.4702128948561040      0.0901919
    3164.8657293348915118      0.0893781
    3160.2613857328028644      0.0891596
    3155.6571820821350229      0.0903996
    3151.0531183765633614      0.0936795
    3146.4491946095636195      0.0912340
    3141.8454107750126241      0.0928939
    3137.2417668663197219      0.0894533
    3132.6382628771607415      0.0881137
    3128.0348988012124209      0.0900650
    3123.4316746320168932      0.0864978
    3118.8285903632508962      0.0875268
    3114.2256459885238655      0.0905344
    3109.6228415014456914      0.0913200
    3105.0201768956248998      0.0883239
    3100.4176521646713809      0.0844879
    3095.8152673023287207      0.0893589
    3091.2130223021390520      0.0907103
    3086.6109171577122652      0.0913598
    3082.0089518625914025      0.0900256
    3077.4071264105850787      0.0959933
    3072.8054407952367910      0.0914873
    3068.2038950101555201      0.0867514
    3063.6024890490184589      0.0881227
    3059.0012229053008923      0.0900908
    3054.4000965728132542      0.0877922
    3049.7991100451636157      0.0900407
    3045.1982633158290810      0.0897781
    3040.5975563785527811      0.0906634
    3035.9969892270105447      0.0941375
    3031.3965618547449594      0.0921946
    3026.7962742554323086      0.0893303
    3022.1961264226820276      0.0907725
    3017.5961183500371590      0.0917784
    3012.9962500313076816      0.0927417
    3008.3965214599688807      0.0907820
    3003.7969326297638872      0.0881199
    2999.1974835342366532      0.0907201
    2994.5981741671280361      0.0914132
    2989.9990045219151398      0.0903783
    2985.3999745924074887      0.0913839
    2980.8010843720817320      0.0882330
    2976.2023338546800915      0.0901000
    2971.6037230337451547      0.0890052
    2967.0052519030209623      0.0889984
    2962.4069204561155857      0.0892739
    2957.8087286865725218      0.0891077
    2953.2106765880680541      0.0934976
    2948.6127641542780111      0.0892444
    2944.0149913788791309      0.0885544
    2939.4173582554140012      0.0883315
    2934.8198647774916026      0.0869995
    2930.2225109388550663      0.0923366
    2925.6252967331806758      0.0935251
    2921.0282221539446255      0.0937213
    2916.4312871948895918      0.0922597
    2911.8344918496250102      0.0939528
    2907.2378361118271641      0.0912758
    2902.6413199751054890      0.0885904
    2898.0449434330698750      0.0933133
    2893.4487064793961508      0.0927857
    2888.8526091077605997      0.0936129
    2884.2566513117722025      0.0897983
    2879.6608330850408493      0.0906627
    2875.0651544212428234      0.0858041
    2870.4696153139875605      0.0867457
    2865.8742157570177369      0.0878165
    2861.2789557438763950      0.0811806
    2856.6838352683062112      0.1031794
    2852.0888543237165322      0.0940437
    2847.4940129040496686      0.0877156
    2842.8993110027836337      0.0893317
    2838.3047486136588304      0.0877746
    2833.7103257302201200      0.0868355
    2829.1160423460755737      0.0898432
    2824.5218984550360801      0.0900551
    2819.9278940507092557      0.0926537
    2815.3340291266395070      0.0903503
    2810.7403036765022080      0.0887306
    2806.1467176940404897      0.0908912
    2801.5532711727969399      0.0881175
    2796.9599641065146898      0.0882477
    2792.3667964887363269      0.0876249
    2787.7737683131376798      0.0900927
    2783.1808795734618798      0.0877361
    2778.5881302633192718      0.0853093
    2773.9955203763174723      0.0841367
    2769.4030499061341288      0.0837202
