Scan:    110      F15107+0724 2010-05-03 +04 51 17.0
         OPTICAL                 Jy    
        km/s-BAR                 I
    5253.0134158061810012     -0.0065199
    5248.3453606051998577      0.0355957
    5243.6774482709533913      0.0266860
    5239.0096787965858312      0.0322672
    5234.3420521757725510      0.0255839
    5229.6745684019233522      0.0266689
    5225.0072274684489457      0.0219967
    5220.3400293687582234      0.0214082
    5215.6729740963273798      0.0222982
    5211.0060616446335189      0.0178905
    5206.3392920070855325      0.0187066
    5201.6726651771614343      0.0202707
    5197.0061811482701160      0.0133788
    5192.3398399138213790      0.0196260
    5187.6736414672914179      0.0127158
    5183.0075858021573367      0.0134440
    5178.3416729118280273      0.0142499
    5173.6759027897805936      0.0158179
    5169.0102754295576233      0.0131251
    5164.3447908243706479      0.0125720
    5159.6794489678932223      0.0149614
    5155.0142498534041806      0.0133136
    5150.3491934744452010      0.0163478
    5145.6842798244269943      0.0146640
    5141.0195088968930577      0.0156405
    5136.3548806851849804      0.0162869
    5131.6903951827798664      0.0179448
    5127.0260523830875172      0.0188652
    5122.3618522797178230      0.0199334
    5117.6977948659468893      0.0181444
    5113.0338801352518203      0.0183583
    5108.3701080812434157      0.0185117
    5103.7064786971950525      0.0187773
    5099.0429919766511375      0.0166076
    5094.3796479130232910      0.0173002
    5089.7164464997194955      0.0169712
    5085.0533877303487316      0.0164727
    5080.3904715982553171      0.0186319
    5075.7276980969172655      0.0181396
    5071.0650672197407403      0.0179653
    5066.4025789602719669      0.0205786
    5061.7402333119189279      0.0206321
    5057.0780302680923342      0.0204232
    5052.4159698223347732      0.0202230
    5047.7540519681224396      0.0205911
    5043.0922766987996511      0.0179276
    5038.4306440079080858      0.0185352
    5033.7691538889248477      0.0181328
    5029.1078063351933451      0.0180515
    5024.4466013403216493      0.0197009
    5019.7855388975885944      0.0212954
    5015.1246190006695542      0.0180170
    5010.4638416429070276      0.0206198
    5005.8032068177117253      0.0205574
    5001.1427145186935377      0.0177590
    4996.4823647391931445      0.0157879
    4991.8221574726903782      0.0204382
    4987.1620927127260074      0.0202247
    4982.5021704526452595      0.0202793
    4977.8423906859889030      0.0167012
    4973.1827534061676488      0.0172498
    4968.5232586067240845      0.0213927
    4963.8639062811371332      0.0215726
    4959.2046964227465651      0.0193157
    4954.5456290251631799      0.0194435
    4949.8867040816639928      0.0180744
    4945.2279215859252872      0.0189423
    4940.5692815312895618      0.0183879
    4935.9107839112339207      0.0195345
    4931.2524287193009513      0.0189189
    4926.5942159488340621      0.0187064
    4921.9361455934431433      0.0176139
    4917.2782176465370867      0.0200565
    4912.6204321014602101      0.0212491
    4907.9627889518878874      0.0188016
    4903.3052881912308294      0.0217519
    4898.6479298128306255      0.0191951
    4893.9907138103653779      0.0164754
    4889.3336401771111923      0.0208993
    4884.6767089066106564      0.0204477
    4880.0199199924718414      0.0213160
    4875.3632734279080978      0.0201526
    4870.7067692066602831      0.0174196
    4866.0504073220045029      0.0181635
    4861.3941877674178613      0.0197826
    4856.7381105365775511      0.0189332
    4852.0821756227587684      0.0190146
    4847.4263830194377078      0.0226662
    4842.7707327202260785      0.0212129
    4838.1152247185309534      0.0199046
    4833.4598590078303459      0.0177627
    4828.8046355815331481      0.0191064
    4824.1495544331846759      0.0183353
    4819.4946155562574859      0.0190811
    4814.8398189442314106      0.0195511
    4810.1851645906481281      0.0208627
    4805.5306524887837440      0.0185836
    4800.8762826323154513      0.0203154
    4796.2220550147194444      0.0198777
    4791.5679696293382221      0.0185629
    4786.9140264697807652      0.0189784
    4782.2602255293932103      0.0176630
    4777.6065668017818098      0.0161157
    4772.9530502803590934      0.0173894
    4768.2996759586658300      0.0170634
    4763.6464438301127302      0.0165507
    4758.9933538883105939      0.0191819
    4754.3404061265337077      0.0176072
    4749.6876005384601740      0.0163884
    4745.0349371174324915      0.0189602
    4740.3824158570596410      0.0184860
    4735.7300367507523333      0.0193685
    4731.0777997919867630      0.0200955
    4726.4257049743055177      0.0193977
    4721.7737522911193082      0.0203906
    4717.1219417359707222      0.0182044
    4712.4702733024023473      0.0191616
    4707.8187469836902892      0.0189566
    4703.1673627735126502      0.0190258
    4698.5161206653438057      0.0195648
    4693.8650206525953763      0.0214747
    4689.2140627288745236      0.0221697
    4684.5632468875264749      0.0180614
    4679.9125731220274247      0.0175326
    4675.2620414260536563      0.0182414
    4670.6116517929458496      0.0185163
    4665.9614042162511396      0.0200551
    4661.3112986894439018      0.0195365
    4656.6613352059321187      0.0211354
    4652.0115137593948020      0.0198434
    4647.3618343431744506      0.0199999
    4642.7122969508136521      0.0180269
    4638.0629015758549940      0.0190918
    4633.4136482116427942      0.0185484
    4628.7645368518524265      0.0209066
    4624.1155674898272991      0.0194311
    4619.4667401191099998      0.0177100
    4614.8180547332440256      0.0213988
    4610.1695113257046614      0.0228628
    4605.5211098899708304      0.0185348
    4600.8728504195169080      0.0174553
    4596.2247329078199982      0.0202867
    4591.5767573485554749      0.0196313
    4586.9289237350012627      0.0193967
    4582.2812320607645233      0.0174287
    4577.6336823192586962      0.0178256
    4572.9862745040909431      0.0178459
    4568.3390086087383679      0.0177923
    4563.6918846266089531      0.0177241
    4559.0449025513153174      0.0232415
    4554.3980623763327458      0.0230932
    4549.7513640950692206      0.0204518
    4545.1048077012028443      0.0221621
    4540.4583931880106320      0.0195028
    4535.8121205491679575      0.0183586
    4531.1659897780837127      0.0198021
    4526.5200008683013948      0.0201440
    4521.8741538134318034      0.0220506
    4517.2284486067510443      0.0203536
    4512.5828852418671886      0.0201743
    4507.9374637123255525      0.0203766
    4503.2921840115996019      0.0196200
    4498.6470461331700790      0.0190019
    4494.0020500706414168      0.0197363
    4489.3571958173606617      0.0197065
    4484.7124833670022781      0.0181190
    4480.0679127129105837      0.0187884
    4475.4234838486936496      0.0193742
    4470.7791967678294895      0.0201110
    4466.1350514638597815      0.0170313
    4461.4910479302607200      0.0209441
    4456.8471861605112281      0.0205079
    4452.2034661481511648      0.0205777
    4447.5598878867249368      0.0208709
    4442.9164513696423455      0.0199341
    4438.2731565905132811      0.0202639
    4433.6300035428794217      0.0210028
    4428.9869922200850851      0.0182603
    4424.3441226158729478      0.0200717
    4419.7013947235200249      0.0221095
    4415.0588085366343876      0.0197364
    4410.4163640488268356      0.0189106
    4405.7740612534407774      0.0187396
    4401.1319001440842840      0.0192621
    4396.4898807142362784      0.0197294
    4391.8480029574375294      0.0206590
    4387.2062668672979271      0.0201386
    4382.5646724370944867      0.0186578
    4377.9232196605698846      0.0198743
    4373.2819085310675291      0.0158465
    4368.6407390421973105      0.0182305
    4363.9997111875018163      0.0206147
    4359.3588249604572411      0.0196500
    4354.7180803545397794      0.0186854
    4350.0774773633593213      0.0177210
    4345.4370159803256684      0.0167568
    4340.7966961990487107      0.0190611
    4336.1565180130046429      0.0199697
    4331.5164814156696593      0.0189311
    4326.8765864007191340      0.0208882
    4322.2368329614973845      0.0175392
    4317.5972210916152108      0.0189360
    4312.9577507845460786      0.0185716
    4308.3184220338353043      0.0195825
    4303.6792348330918685      0.0210295
    4299.0401891756573605      0.0196512
    4294.4012850551434894      0.0184090
    4289.7625224651592362      0.0194482
    4285.1239013991134925      0.0173251
    4280.4854218505497556      0.0183377
    4275.8470838130124321      0.0171652
    4271.2088872799758974      0.0182147
    4266.5708322450500418      0.0190473
    4261.9329187017119693      0.0178291
    4257.2951466435715702      0.0205165
    4252.6575160639713431      0.0182461
    4248.0200269565202689      0.0167424
    4243.3826793148955403      0.0185953
    4238.7454731323741726      0.0184388
    4234.1084084026297205      0.0191796
    4229.4714851192084097      0.0192914
    4224.8347032755855253      0.0209313
    4220.1980628653027452      0.0175549
    4215.5615638818389925      0.0190315
    4210.9252063188014290      0.0227964
    4206.2889901696671586      0.0196912
    4201.6529154280451621      0.0195505
    4197.0169820873470599      0.0194172
    4192.3811901411809231      0.0196239
    4187.7455395830902489      0.0183024
    4183.1100304065512319      0.0200038
    4178.4746626051073690      0.0207355
    4173.8394361723676411      0.0181486
    4169.2043511018082427      0.0170295
    4164.5694073869062777      0.0191572
    4159.9346050212707269      0.0182873
    4155.2999439983786942      0.0178194
    4150.6654243118382510      0.0191031
    4146.0310459551274107      0.0190535
    4141.3968089217887609      0.0189214
    4136.7627132054312824      0.0215128
    4132.1287587994647765      0.0152295
    4127.4949456975000430      0.0198076
    4122.8612738931451531      0.0189539
    4118.2277433797435151      0.0216487
    4113.5943541510387149      0.0175692
    4108.9611062004396445      0.0190282
    4104.3279995214907103      0.0187932
    4099.6950341077999838      0.0201271
    4095.0622099527772662      0.0207475
    4090.4295270500997503      0.0211052
    4085.7969853933759623      0.0178038
    4081.1645849758833720      0.0194865
    4076.5323257913646557      0.0200349
    4071.9002078332950987      0.0181159
    4067.2682310952191074      0.0205242
    4062.6363955707452078      0.0215252
    4058.0047012532836561      0.0208471
    4053.3731481365111904      0.0159563
    4048.7417362139026409      0.0173724
    4044.1104654789355664      0.0177135
    4039.4793359253526432      0.0166011
    4034.8483475464968251      0.0182328
    4030.2175003359775474      0.0171097
    4025.5867942874047003      0.0196678
    4020.9562293941876305      0.0177635
    4016.3258056500694693      0.0146941
    4011.6955230483936248      0.0141454
    4007.0653815828350162      0.0160816
    4002.4353812469385048      0.0156916
    3997.8055220341129825      0.0168030
    3993.1758039381006711      0.0120614
    3988.5462269523113719      0.0139153
    3983.9167910703554298      0.0148763
    3979.2874962857758874      0.0145984
    3974.6583425920484842      0.0158611
    3970.0293299829158968      0.0150652
    3965.4004584517219882      0.0140206
    3960.7717279920752844      0.0136848
    3956.1431385975865851      0.0116618
    3951.5146902617311753      0.0141039
    3946.8863829781198547      0.0146791
    3942.2582167402943014      0.0137361
    3937.6301915417311648      0.0087233
    3933.0023073761740307      0.0082017
    3928.3745642369653979      0.0052846
    3923.7469621177147019      0.0063458
    3919.1195010120991356      0.0031358
    3914.4921809134598334      0.0031942
    3909.8650018156081387      0.0023208
    3905.2379637118865503      0.0005047
    3900.6110665959045036      0.0025995
    3895.9843104612714342      0.0056246
    3891.3576953015308391      0.0083725
    3886.7312211101584580      0.0053345
    3882.1048878808310292      0.0086364
    3877.4786956070247470      0.0083447
    3872.8526442824154401      0.0095874
    3868.2267339003465167      0.0088566
    3863.6009644545606534      0.0095023
    3858.9753359385340445      0.0121404
    3854.3498483458770352      0.0091892
    3849.7245016701317581      0.0133767
    3845.0992959047753175      0.0126129
    3840.4742310434826322      0.0119756
    3835.8493070797981090      0.0105608
    3831.2245240071970329      0.0132595
    3826.5998818193561419      0.0137111
    3821.9753805097516306      0.0113245
    3817.3510200719929344      0.0116038
    3812.7268004996903983      0.0143002
    3808.1027217862529142      0.0161033
    3803.4787839253563106      0.0154160
    3798.8549869106113874      0.0172785
    3794.2313307354934295      0.0151632
    3789.6078153936127819      0.0179299
    3784.9844408784451844      0.0168425
    3780.3612071836669202      0.0155401
    3775.7381143028214865      0.0156765
    3771.1151622294510162      0.0142513
    3766.4923509571653994      0.0166693
    3761.8696804794417403      0.0162275
    3757.2471507898885648      0.0170293
    3752.6247618821821561      0.0161638
    3748.0025137496659227      0.0181529
    3743.3804063860829956      0.0162520
    3738.7584397850428104      0.0188845
    3734.1366139399542590      0.0211507
    3729.5149288445609272      0.0176637
    3724.8933844922057688      0.0202046
    3720.2719808766983078      0.0173774
    3715.6507179914478911      0.0178496
    3711.0295958301312567      0.0176154
    3706.4086143862909921      0.0153360
    3701.7877736534028372      0.0184638
    3697.1670736251439848      0.0181136
    3692.5465142950574773      0.0186728
    3687.9260956567522953      0.0212131
    3683.3058177037041787      0.0194154
    3678.6856804296571681      0.0193008
    3674.0656838280206102      0.0211458
    3669.4458278924703336      0.0178386
    3664.8261126165493806      0.0206141
    3660.2065379938007936      0.0205384
    3655.5871040178340081      0.0202134
    3650.9678106822589143      0.0186085
    3646.3486579806180998      0.0178334
    3641.7296459064550618      0.0181600
    3637.1107744533119330      0.0191142
    3632.4920436149982379      0.0188229
    3627.8734533847914463      0.0183483
    3623.2550037564337799      0.0177208
    3618.6366947236010674      0.0160729
    3614.0185262796362622      0.0169622
    3609.4004984182834050      0.0173523
    3604.7826111330173262      0.0210617
    3600.1648644175147638      0.0214304
    3595.5472582653856080      0.0216340
    3590.9297926700392054      0.0224279
    3586.3124676252846257      0.0211719
    3581.6952831245325797      0.0198924
    3577.0782391613920481      0.0184566
    3572.4613357294724665      0.0210960
    3567.8445728223837250      0.0195275
    3563.2279504337348044      0.0205401
    3558.6114685570028087      0.0186199
    3553.9951271857967185      0.0190376
    3549.3789263138592105      0.0211478
    3544.7628659345346023      0.0215650
    3540.1469460415642061      0.0196958
    3535.5311666285583669      0.0204816
    3530.9155276889928246      0.0207385
    3526.3000292165438623      0.0199386
    3521.6846712046885841      0.0166861
    3517.0694536471687570      0.0198482
    3512.4543765374619397      0.0208524
    3507.8394398691762035      0.0207544
    3503.2246436359887412      0.0178460
    3498.6099878313757472      0.0192153
    3493.9954724488793545      0.0196879
    3489.3810974823099968      0.0215306
    3484.7668629250770209      0.0196340
    3480.1527687707898622      0.0188162
    3475.5388150131248040      0.0198029
    3470.9250016455580408      0.0196116
    3466.3113286618327038      0.0194522
    3461.6977960553576850      0.0187642
    3457.0844038198765702      0.0185220
    3452.4711519489324019      0.0195660
    3447.8580404360677676      0.0208191
    3443.2450692750248891      0.0204768
    3438.6322384592140224      0.0172554
    3434.0195479823119058      0.0198641
    3429.4069978379270651      0.0215491
    3424.7945880196698454      0.0184334
    3420.1823185210823794      0.0186586
    3415.5701893358418602      0.0200208
    3410.9582004574899656      0.0189882
    3406.3463518796370408      0.0203489
    3401.7346435958261281      0.0195684
    3397.1230755997330562      0.0224544
    3392.5116478849677151      0.0189287
    3387.9003604450062994      0.0194611
    3383.2892132735914856      0.0203744
    3378.6782063642658613      0.0182394
    3374.0673397105724689      0.0173206
    3369.4566133061880464      0.0179724
    3364.8460271447211198      0.0190914
    3360.2355812197824889      0.0191836
    3355.6252755248483481      0.0193036
    3351.0151100535936166      0.0187194
    3346.4050847996954872      0.0177176
    3341.7951997566965474      0.0198736
    3337.1854549182062328      0.0198415
    3332.5758502778344337      0.0199458
    3327.9663858291241922      0.0233813
    3323.3570615657508824      0.0167257
    3318.7478774813248492      0.0168871
    3314.1388335693886802      0.0185276
    3309.5299298236182040      0.0183258
    3304.9211662375573724      0.0191921
    3300.3125428048815593      0.0205940
    3295.7040595191333523      0.0202332
    3291.0957163739230964      0.0174339
    3286.4875133629266202      0.0203777
    3281.8794504796201181      0.0190124
    3277.2715277177462667      0.0206304
    3272.6637450709154109      0.0183906
    3268.0561025326028357      0.0175555
    3263.4486000966180654      0.0172762
    3258.8412377563713562      0.0190288
    3254.2340155055389914      0.0203884
    3249.6269333377958901      0.0185332
    3245.0199912466864589      0.0189690
    3240.4131892258860717      0.0159983
    3235.8065272689373160      0.0205117
    3231.2000053694509916      0.0190326
    3226.5936235211015628      0.0213348
    3221.9873817174334363      0.0191609
    3217.3812799521219858      0.0173895
    3212.7753182187766470      0.0194682
    3208.1694965109404620      0.0177653
    3203.5638148222906239      0.0185203
    3198.9582731464352037      0.0191870
    3194.3528714769840917      0.0201426
    3189.7476098076135713      0.0174619
    3185.1424881318007465      0.0170369
    3180.5375064432873842      0.0164348
    3175.9326647356160720      0.0199053
    3171.3279630023976097      0.0167400
    3166.7234012373742189      0.0180753
    3162.1189794339552463      0.0197886
    3157.5146975860166094      0.0190083
    3152.9105556869685643      0.0189865
    3148.3065537304200916      0.0186773
    3143.7026917102480184      0.0182850
    3139.0989696197279955      0.0192341
    3134.4953874527359403      0.0197279
    3129.8919452028158048      0.0176518
    3125.2886428635092670      0.0171665
    3120.6854804286263061      0.0204380
    3116.0824578915762686      0.0180309
    3111.4795752460363474      0.0218692
    3106.8768324858147025      0.0178466
    3102.2742296042547423      0.0177246
    3097.6717665951659910      0.0188606
    3093.0694434521578842      0.0187415
    3088.4672601687070710      0.0171523
    3083.8652167386885594      0.0187032
    3079.2633131555130603      0.0204378
    3074.6615494128568571      0.0189721
    3070.0599255043948688      0.0194980
    3065.4584414237378951      0.0186985
    3060.8570971645608552      0.0207118
    3056.2558927203413077      0.0210315
    3051.6548280848214745      0.0190977
    3047.0539032516107909      0.0197862
    3042.4531182143186925      0.0189932
    3037.8524729666210078      0.0183268
    3033.2519675021285366      0.0180168
    3028.6516018143825022      0.0205875
    3024.0513758971933385      0.0213801
    3019.4512897439713015      0.0190230
    3014.8513433485240967      0.0208914
    3010.2515367044625236      0.0213855
    3005.6518698052618674      0.0196657
    3001.0523426447994098      0.0205771
    2996.4529552164840425      0.0182848
    2991.8537075139915942      0.0203056
    2987.2545995311329534      0.0205746
    2982.6556312613156479      0.0198526
    2978.0568026983501113      0.0201595
    2973.4581138357129930      0.0217807
    2968.8595646671460599      0.0198738
    2964.2611551862601118      0.0215852
    2959.6628853866641293      0.0216089
    2955.0647552620330316      0.0182172
    2950.4667648059780731      0.0203932
    2945.8689140121086893      0.0184383
    2941.2712028740997994      0.0198922
    2936.6736313856281413      0.0214493
    2932.0761995402367575      0.0211417
    2927.4789073316683243      0.0181806
    2922.8817547533990364      0.0196594
    2918.2847417993052659      0.0203780
    2913.6878684627959046      0.0207979
    2909.0911347376145386      0.0177684
    2904.4945406175033895      0.0195921
    2899.8980860958718040      0.0183496
    2895.3017711665970637      0.0181359
    2890.7055958230871511      0.0196826
    2886.1095600591529546      0.0198759
    2881.5136638684030004      0.0206536
    2876.9179072444471785      0.0186930
    2872.3222901809617724      0.0192756
    2867.7268126715557628      0.0188523
    2863.1314747099058877      0.0204963
    2858.5362762896211279      0.0200118
    2853.9412174043782215      0.0176793
    2849.3462980477188466      0.0193973
    2844.7515182135207397      0.0191727
    2840.1568778951923377      0.0212666
    2835.5623770865436200      0.0185879
    2830.9680157810498713      0.0190196
    2826.3737939725219803      0.0171483
    2821.7797116545016252      0.0177492
    2817.1857688207319370      0.0193575
    2812.5919654647559582      0.0198849
    2807.9983015803163653      0.0184072
    2803.4047771609557458      0.0182069
    2798.8113922004167762      0.0188088
    2794.2181466923098014      0.0170795
    2789.6250406302438023      0.0194814
    2785.0320740080278483      0.0185385
    2780.4392468190721956      0.0169600
    2775.8465590572523070      0.0178448
    2771.2540107160448315      0.0192939
    2766.6616017891924457      0.0182788
    2762.0693322703709782      0.0196594
    2757.4772021531230166      0.0221048
    2752.8852114312589947      0.0231979
    2748.2933600983210454      0.0202956
    2743.7016481479190588      0.0179125
    2739.1100755738621046      0.0184642
    2734.5186423696259226      0.0201660
    2729.9273485290214012      0.0190409
    2725.3361940455902186      0.0183082
    2720.7451789130755060      0.0194249
    2716.1543031250862441      0.0192098
    2711.5635666752991710      0.0189637
    2706.9729695572568744      0.0199606
    2702.3825117648357264      0.0198512
    2697.7921932915114667      0.0202723
    2693.2020141310940744      0.0201382
    2688.6119742769924414      0.0183764
    2684.0220737230829400      0.0207128
    2679.4323124630418533      0.0191097
    2674.8426904904117691      0.0212942
    2670.2532077988021229      0.0208449
    2665.6638643820892867      0.0202144
    2661.0746602337490003      0.0199054
    2656.4855953475243950      0.0196545
    2651.8966697169585132      0.0224030
    2647.3078833358604243      0.0209936
    2642.7192361979059569      0.0218688
    2638.1307282966386083      0.0219274
    2633.5423596258006000      0.0215926
    2628.9541301789354293      0.0201239
    2624.3660399498517108      0.0218346
    2619.7780889321588802      0.0192840
    2615.1902771195341302      0.0211724
    2610.6026045055859868      0.0218409
    2606.0150710840575812      0.0215728
    2601.4276768485583489      0.0190634
    2596.8404217928309663      0.0216865
    2592.2533059104180211      0.0218879
    2587.6663291950626444      0.0203001
    2583.0794916404406649      0.0208568
    2578.4927932402288207      0.0227593
    2573.9062339880360923      0.0217697
    2569.3198138775383086      0.0195963
    2564.7335329024126622      0.0218299
    2560.1473910564004655      0.0219948
    2555.5613883330452154      0.0225054
    2550.9755247261568911      0.0226154
    2546.3898002292780802      0.0185804
