Scan:    162      F18145+2205 2010-05-03 +08 50 53.0
         OPTICAL                 Jy    
        km/s-BAR                 I
    6971.2601400805879166      0.0151268
    6966.5395958009567039      0.0037364
    6961.8191968005257877      0.0017036
    6957.0989430725721832     -0.0044747
    6952.3788346105047822     -0.0162680
    6947.6588714074678137     -0.0293709
    6942.9390534568046860     -0.0373435
    6938.2193807517915047     -0.0342689
    6933.4998532857725877     -0.0396332
    6928.7804710520895242     -0.0521378
    6924.0612340439538457     -0.0744173
    6919.3421422547080510     -0.0822944
    6914.6231956775636718     -0.0911767
    6909.9043943059286903     -0.0955104
    6905.1857381330128192     -0.1011734
    6900.4672271521621951     -0.1103959
    6895.7488613567184075     -0.1178662
    6891.0306407398247757     -0.1196685
    6886.3125652949574942     -0.1253925
    6881.5946350153944877     -0.1304957
    6876.8768498942781662     -0.1339478
    6872.1592099250856336     -0.1378661
    6867.4417151010929956     -0.1396859
    6862.7243654155108743     -0.1425584
    6858.0071608616817684     -0.1441721
    6853.2901014328845122     -0.1470639
    6848.5731871225252689     -0.1499064
    6843.8564179237509961     -0.1467324
    6839.1397938300369788     -0.1438457
    6834.4233148345265363     -0.1466666
    6829.7069809306303796     -0.1467377
    6824.9907921116891885     -0.1530156
    6820.2747483708499203     -0.1505510
    6815.5588497015869507     -0.1500795
    6810.8430960970445085     -0.1493404
    6806.1274875506978788     -0.1529266
    6801.4120240556931094     -0.1501536
    6796.6967056054372733     -0.1524966
    6791.9815321932092047     -0.1503499
    6787.2665038123504928     -0.1521080
    6782.5516204561390623     -0.1522914
    6777.8368821179174120     -0.1514111
    6773.1222887908961638     -0.1503342
    6768.4078404684860288     -0.1531128
    6763.6935371440276867     -0.1516694
    6758.9793788106662760     -0.1537901
    6754.2653654618798100     -0.1534069
    6749.5514970908752730     -0.1521947
    6744.8377736910642852     -0.1519053
    6740.1241952556574688     -0.1486427
    6735.4107617779973225     -0.1518859
    6730.6974732514927382     -0.1532766
    6725.9843296692879449     -0.1538923
    6721.2713310248609559     -0.1501454
    6716.5584773114205746     -0.1507911
    6711.8457685223102089     -0.1497605
    6707.1332046508050553     -0.1525671
    6702.4207856902521598     -0.1523123
    6697.7085116339903834     -0.1523346
    6692.9963824753658628     -0.1540864
    6688.2843982076537941     -0.1544428
    6683.5725588241984951     -0.1542449
    6678.8608643182096785     -0.1536335
    6674.1493146831644481     -0.1535352
    6669.4379099122716070     -0.1556335
    6664.7266499988754731     -0.1532322
    6660.0155349362521520     -0.1534801
    6655.3045647178123545     -0.1539812
    6650.5937393368312769     -0.1520437
    6645.8830587866541464     -0.1503233
    6641.1725230605552497     -0.1496853
    6636.4621321518807235     -0.1509205
    6631.7518860539712477     -0.1514832
    6627.0417847601702306     -0.1535510
    6622.3318282636910226     -0.1539264
    6617.6220165579397872     -0.1528592
    6612.9123496361944490     -0.1516710
    6608.2028274918657189     -0.1522466
    6603.4934501182287931     -0.1532333
    6598.7842175085615963     -0.1522529
    6594.0751296562739299     -0.1516393
    6589.3661865546418994     -0.1516366
    6584.6573881970089133     -0.1545599
    6579.9487345766510771     -0.1527821
    6575.2402256869791017     -0.1522389
    6570.5318615212700024     -0.1490934
    6565.8236420727334917     -0.1510043
    6561.1155673349785502     -0.1511999
    6556.4076373010839234     -0.1503022
    6551.6998519645230772     -0.1510438
    6546.9922113185748458     -0.1523109
    6542.2847153565153349     -0.1523035
    6537.5773640718216484     -0.1529176
    6532.8701574576371058     -0.1519377
    6528.1630955074360827     -0.1548527
    6523.4561782144319295     -0.1533146
    6518.7494055720326287     -0.1537827
    6514.0427775735815885     -0.1547382
    6509.3362942124222172     -0.1523293
    6504.6299554818306206     -0.1547382
    6499.9237613752184188     -0.1519088
    6495.2177118857953246     -0.1534879
    6490.5118070069693204     -0.1524466
    6485.8060467320847238     -0.1527884
    6481.1004310544849432     -0.1500121
    6476.3949599674460842     -0.1527677
    6471.6896334643142836     -0.1539188
    6466.9844515384947954     -0.1480168
    6462.2794141833346657     -0.1511968
    6457.5745213920408787     -0.1534450
    6452.8697731580932668     -0.1515223
    6448.1651694746988142     -0.1547889
    6443.4607103352691411     -0.1536234
    6438.7563957332140490     -0.1543227
    6434.0522256617432504     -0.1498209
    6429.3482001142001536     -0.1515527
    6424.6443190839945601     -0.1512557
    6419.9405825644680590     -0.1507390
    6415.2369905489013036     -0.1504731
    6410.5335430307004572     -0.1499279
    6405.8302400032116566     -0.1492446
    6401.1270814597082790     -0.1505498
    6396.4240673935364612     -0.1510317
    6391.7211977981050950     -0.1526715
    6387.0184726667566792     -0.1526469
    6382.3158919927682291     -0.1529265
    6377.6134557694176692     -0.1507768
    6372.9111639902466777     -0.1513887
    6368.2090166485331793     -0.1552292
    6363.5070137375523700     -0.1506996
    6358.8051552506485677     -0.1520936
    6354.1034411812970575     -0.1519909
    6349.4018715226438871     -0.1495706
    6344.7004462682289159     -0.1490929
    6339.9991654113309778     -0.1501755
    6335.2980289452252691     -0.1500491
    6330.5970368632561076     -0.1510698
    6325.8961891589005972     -0.1525200
    6321.1954858255003273     -0.1512646
    6316.4949268562650104     -0.1486812
    6311.7945122446744790     -0.1533010
    6307.0942419840012008     -0.1512684
    6302.3941160676586151     -0.1535252
    6297.6941344889210086     -0.1549239
    6292.9942972411990922     -0.1516557
    6288.2946043178353648     -0.1534158
    6283.5950557121086604     -0.1549830
    6278.8956514174924450     -0.1511602
    6274.1963914272655529     -0.1497418
    6269.4972757348368759     -0.1482649
    6264.7983043334834292     -0.1520356
    6260.0994772166159237     -0.1507304
    6255.4007943775768581     -0.1532596
    6250.7022558097078218     -0.1503018
    6246.0038615063549514     -0.1534820
    6241.3056114609262295     -0.1526543
    6236.6075056666995806     -0.1522535
    6231.9095441170829872     -0.1520185
    6227.2117268054216765     -0.1500405
    6222.5140537251245405     -0.1531391
    6217.8165248694676848     -0.1536007
    6213.1191402318627297     -0.1522758
    6208.4218998056521741     -0.1528198
    6203.7248035841776073     -0.1536300
    6199.0278515607851659     -0.1539176
    6194.3310437288837420     -0.1523778
    6189.6343800818149248     -0.1514879
    6184.9378606129230320     -0.1522319
    6180.2414853156187746     -0.1513447
    6175.5452541831782582     -0.1514763
    6170.8491672090767679     -0.1503926
    6166.1532243865258351     -0.1523884
    6161.4574257090689571     -0.1538192
    6156.7617711699140273     -0.1547817
    6152.0662607625399687     -0.1526497
    6147.3708944801546750     -0.1519609
    6142.6756723163025526     -0.1521157
    6137.9805942642606169     -0.1533307
    6133.2856603174368502     -0.1530688
    6128.5908704691100866     -0.1546954
    6123.8962247127547016     -0.1548349
    6119.2017230416486200     -0.1509995
    6114.5073654492025526     -0.1500537
    6109.8131519287580886     -0.1504057
    6105.1190824737259391     -0.1514183
    6100.4251570773822095     -0.1523212
    6095.7313757332040041     -0.1522234
    6091.0377384345338214     -0.1519005
    6086.3442451747150699     -0.1555226
    6081.6508959471593698     -0.1536889
    6076.9576907451400984     -0.1526300
    6072.2646295621370882     -0.1523183
    6067.5717123914910189     -0.1524319
    6062.8789392264798153     -0.1516280
    6058.1863100606460648     -0.1537394
    6053.4938248871339965     -0.1522165
    6048.8014836995525911     -0.1537768
    6044.1092864911779543     -0.1515191
    6039.4172332553544038     -0.1527595
    6034.7253239854917410     -0.1518713
    6030.0335586749324648     -0.1533233
    6025.3419373170872859     -0.1514217
    6020.6504599052987032     -0.1536057
    6015.9591264329765181     -0.1506716
    6011.2679368934650483     -0.1500949
    6006.5768912801058832     -0.1510841
    6001.8859895863779457     -0.1517819
    5997.1952318056219156     -0.1526107
    5992.5046179311821106     -0.1520014
    5987.8141479564692418     -0.1517396
    5983.1238218748239888     -0.1515757
    5978.4336396796588815     -0.1536655
    5973.7436013643164188     -0.1518092
    5969.0537069222073114     -0.1515201
    5964.3639563466722393     -0.1549591
    5959.6743496311219133     -0.1543127
    5954.9848867689688632     -0.1534113
    5950.2955677535528594     -0.1514035
    5945.6063925782855222     -0.1508966
    5940.9173612365102599     -0.1537998
    5936.2284737216359645     -0.1528672
    5931.5397300270060441     -0.1508672
    5926.8511301460312097     -0.1518333
    5922.1626740721212627     -0.1526757
    5917.4743617986177924     -0.1524879
    5912.7861933189324191     -0.1514955
    5908.0981686264076416     -0.1506591
    5903.4102877145205639     -0.1520526
    5898.7225505766136848     -0.1531275
    5894.0349572060304126     -0.1510825
    5889.3475075961805487     -0.1519903
    5884.6602017404084108     -0.1541478
    5879.9730396321883745     -0.1551519
    5875.2860212648647575     -0.1515494
    5870.5991466318482708     -0.1512268
    5865.9124157264150199     -0.1523793
    5861.2258285421739856     -0.1544973
    5856.5393850722684874     -0.1528403
    5851.8530853103093250     -0.1504876
    5847.1669292495053014     -0.1504789
    5842.4809168834008233     -0.1488899
    5837.7950482052710868     -0.1503565
    5833.1093232085277123     -0.1521622
    5828.4237418865795917     -0.1529679
    5823.7383042328356169     -0.1531244
    5819.0530102406391961     -0.1488513
    5814.3678599034028593     -0.1521524
    5809.6828532146000725     -0.1515756
    5804.9979901675087604     -0.1532146
    5800.3132707556051173     -0.1550326
    5795.6286949722980353     -0.1518545
    5790.9442628108654390     -0.1516915
    5786.2599742647835228     -0.1526923
    5781.5758293273956951     -0.1536134
    5776.8918279921781505     -0.1538058
    5772.2079702524752065     -0.1526784
    5767.5242561016939362     -0.1514603
    5762.8406855332459600     -0.1547920
    5758.1572585405419886     -0.1501951
    5753.4739751169236115     -0.1561761
    5748.7908352558679326     -0.1541288
    5744.1078389506528765     -0.1539714
    5739.4249861948183025     -0.1492024
    5734.7422769816439541     -0.1518000
    5730.0597113046051163     -0.1506893
    5725.3772891570442880     -0.1518862
    5720.6950105324394826     -0.1515041
    5716.0128754241322895     -0.1506480
    5711.3308838255343289     -0.1493784
    5706.6490357301208860     -0.1507661
    5701.9673311311680663     -0.1520573
    5697.2857700221538835     -0.1491104
    5692.6043523964863198     -0.1487208
    5687.9230782475106025     -0.1487335
    5683.2419475687020167     -0.1478405
    5678.5609603534030612     -0.1473438
    5673.8801165950926588     -0.1475938
    5669.1994162871114895     -0.1473484
    5664.5188594229366572     -0.1439476
    5659.8384459958460866     -0.1463270
    5655.1581759993814558     -0.1459167
    5650.4780494268861730     -0.1435440
    5645.7980662717709492     -0.1421738
    5641.1182265274437668     -0.1411725
    5636.4385301873171557     -0.1434353
    5631.7589772447990981     -0.1424556
    5627.0795676932993956     -0.1421082
    5622.4003015262278495     -0.1403900
    5617.7211787369960803     -0.1402377
    5613.0421993190111607     -0.1400863
    5608.3633632656856207     -0.1426945
    5603.6846705704274427     -0.1416670
    5599.0061212266473376     -0.1387403
    5594.3277152277551068     -0.1417815
    5589.6494525671605516     -0.1398582
    5584.9713332382716544     -0.1414810
    5580.2933572345673383     -0.1427576
    5575.6155245493910115     -0.1400845
    5570.9378351761506565     -0.1416900
    5566.2602891083242866     -0.1447490
    5561.5828863392525818     -0.1460671
    5556.9056268623489814     -0.1427659
    5552.2285106710878608     -0.1448093
    5547.5515377588781121     -0.1414416
    5542.8747081190658719     -0.1395479
    5538.1980217451919088     -0.1418388
    5533.5214786305332382     -0.1444793
    5528.8450787686333570     -0.1440973
    5524.1688221528347640     -0.1417226
    5519.4927087766145632     -0.1434978
    5514.8167386333161630     -0.1404244
    5510.1409117163484552     -0.1424308
    5505.4652280192549370     -0.1411619
    5500.7896875353126234     -0.1461774
    5496.1142902579986185     -0.1433410
    5491.4390361807209047     -0.1415212
    5486.7639252969565860     -0.1438688
    5482.0889576001163732     -0.1428692
    5477.4141330836091583     -0.1463589
    5472.7394517407783496     -0.1475236
    5468.0649135651674442     -0.1482653
    5463.3905185501180313     -0.1462974
    5458.7162666891099434     -0.1476703
    5454.0421579754829509     -0.1440641
    5449.3681924027150671     -0.1467865
    5444.6943699642160936     -0.1493273
    5440.0206906534622249     -0.1471409
    5435.3471544638632622     -0.1493648
    5430.6737613888290070     -0.1488874
    5426.0005114217692608     -0.1465428
    5421.3274045561611274     -0.1473143
    5416.6544407853461962     -0.1483914
    5411.9816201028033902     -0.1486159
    5407.3089425019397822     -0.1477881
    5402.6364079761669927     -0.1491003
    5397.9640165190276093     -0.1488313
    5393.2917681238650403     -0.1494868
    5388.6196627840890869     -0.1507316
    5383.9477004931768533     -0.1519184
    5379.2758812445354124     -0.1504634
    5374.6042050315772940     -0.1496564
    5369.9326718477786926     -0.1511545
    5365.2612816864821070     -0.1528672
    5360.5900345412301249     -0.1502682
    5355.9189304053670639     -0.1498866
    5351.2479692724346023     -0.1507225
    5346.5771511357779673     -0.1515624
    5341.9064759888724438     -0.1507940
    5337.2359438251269239     -0.1488699
    5332.5655546379530279     -0.1468678
    5327.8953084208260407     -0.1505354
    5323.2252051671557638     -0.1523226
    5318.5552448704193012     -0.1532454
    5313.8854275239591516     -0.1486071
    5309.2157531213188122     -0.1500550
    5304.5462216558416912     -0.1518783
    5299.8768331210703764     -0.1499592
    5295.2075875104155784     -0.1537846
    5290.5384848172852799     -0.1537980
    5285.8695250350911010     -0.1510132
    5281.2007081573083269     -0.1498005
    5276.5320341773467590     -0.1515151
    5271.8635030886835011     -0.1516269
    5267.1951148847292643     -0.1488502
    5262.5268695588920309     -0.1508189
    5257.8587671047152980     -0.1501455
    5253.1908075156088671     -0.1490633
    5248.5229907849170559     -0.1504290
    5243.8553169062479355     -0.1514209
    5239.1877858728794308     -0.1511492
    5234.5203976783541293     -0.1542846
    5229.8531523160809229     -0.1519820
    5225.1860497795378251     -0.1531867
    5220.5190900620673347     -0.1534130
    5215.8522731572111297     -0.1496530
    5211.1855990583808307     -0.1522937
    5206.5190677590526320     -0.1514091
    5201.8526792527027283     -0.1525326
    5197.1864335326745277     -0.1486193
    5192.5203305924433153     -0.1512963
    5187.8543704254871045     -0.1528564
    5183.1885530252811805     -0.1517402
    5178.5228783851698608     -0.1516180
    5173.8573464986939143     -0.1515643
    5169.1919573592667803     -0.1503875
    5164.5267109603610152     -0.1504970
    5159.8616072953891489     -0.1519173
    5155.1966463578255571     -0.1541819
    5150.5318281411491625     -0.1517509
    5145.8671526387015547     -0.1533261
    5141.2026198440917142     -0.1504051
    5136.5382297506648683     -0.1537678
    5131.8739823518953926     -0.1538082
    5127.2098776411949075     -0.1524498
    5122.5459156120377884     -0.1533406
    5117.8820962579684419     -0.1518869
    5113.2184195723311859     -0.1513840
    5108.5548855486658795     -0.1531355
    5103.8914941803186593     -0.1541002
    5099.2282454608312037     -0.1530728
    5094.5651393836142233     -0.1525420
    5089.9021759421420938     -0.1519077
    5085.2393551298928287     -0.1538928
    5080.5766769402771388     -0.1545530
    5075.9141413667020970     -0.1543556
    5071.2517484027812316     -0.1543008
    5066.5894980418534033     -0.1560944
    5061.9273902773975351     -0.1559700
    5057.2654251028907311     -0.1547239
    5052.6036025118064572     -0.1547704
    5047.9419224975572433     -0.1551037
    5043.2803850536183745     -0.1557720
    5038.6189901734678642     -0.1525756
    5033.9577378505127854     -0.1527048
    5029.2966280782302420     -0.1543859
    5024.6356608501655501     -0.1540430
    5019.9748361597257826     -0.1525782
    5015.3141540003225600     -0.1545819
    5010.6536143654975604     -0.1527161
    5005.9932172486614945     -0.1506968
    5001.3329626432905570     -0.1521770
    4996.6728505428609424     -0.1510249
    4992.0128809408488451     -0.1518546
    4987.3530538305985829     -0.1544823
    4982.6933692057191365     -0.1541646
    4978.0338270596857910     -0.1515905
    4973.3744273858446832     -0.1511675
    4968.7151701777356720     -0.1515820
    4964.0560554288358617     -0.1529415
    4959.3970831325568724     -0.1516341
    4954.7382532823730799     -0.1514501
    4950.0795658718279810     -0.1527857
    4945.4210208942658937     -0.1526924
    4940.7626183432284961     -0.1529801
    4936.1043582121928921     -0.1541569
    4931.4462404946352763     -0.1518808
    4926.7882651840318431     -0.1522345
    4922.1304322737933035     -0.1539379
    4917.4727417574604260     -0.1497552
    4912.8151936284466501     -0.1513098
    4908.1577878802254418     -0.1519897
    4903.5005245062739050     -0.1505535
    4898.8434035000691438     -0.1516475
    4894.1864248550200500     -0.1523539
    4889.5295885647365139     -0.1522190
    4884.8728946226283369     -0.1517107
    4880.2163430221735325     -0.1532742
    4875.5599337568455667     -0.1526066
    4870.9036668200560598     -0.1516524
    4866.2475422053475995     -0.1516763
    4861.5915599061963803     -0.1494026
    4856.9357199160804157     -0.1541500
    4852.2800222284067786     -0.1500168
    4847.6244668366543920     -0.1510800
    4842.9690537344313270     -0.1521180
    4838.3137829150809921     -0.1503520
    4833.6586543721459748     -0.1502341
    4829.0036680991042886     -0.1523780
    4824.3488240893639158     -0.1540981
    4819.6941223364692632     -0.1520976
    4815.0395628338965253     -0.1530922
    4810.3851455751218964     -0.1522170
    4805.7308705535551780     -0.1546757
    4801.0767377627380483     -0.1533591
    4796.4227471962149139     -0.1506766
    4791.7688988473964855     -0.1506045
    4787.1151927096907457     -0.1509429
    4782.4616287767075846     -0.1501289
    4777.8082070419250158     -0.1521295
    4773.1549274987501121     -0.1515113
    4768.5017901406617966     -0.1539159
    4763.8487949612017474     -0.1518431
    4759.1959419537797658     -0.1522438
    4754.5432311119402584     -0.1528404
    4749.8906624291576009     -0.1510155
    4745.2382358989761997     -0.1504824
    4740.5859515147385537     -0.1500904
    4735.9338092700554625     -0.1529004
    4731.2818091583349087     -0.1536013
    4726.6299511731203893     -0.1516596
    4721.9782353078880988     -0.1520052
    4717.3266615561160506     -0.1542519
    4712.6752299112795299     -0.1515076
    4708.0239403667883380     -0.1539597
    4703.3727929163196677     -0.1510673
    4698.7217875532141989     -0.1526776
    4694.0709242710172475     -0.1527344
    4689.4202030632723108     -0.1513392
    4684.7696239233191591     -0.1522413
    4680.1191868447704110     -0.1514940
    4675.4688918210358679     -0.1505142
    4670.8187388457236011     -0.1541030
    4666.1687279121770189     -0.1553504
    4661.5188590140069209     -0.1535573
    4656.8691321446221991     -0.1513748
    4652.2195472975672601     -0.1528036
    4647.5701044663819630     -0.1516739
    4642.9208036444788377     -0.1492599
    4638.2716448253340786     -0.1521270
    4633.6226280025557571     -0.1531903
    4628.9737531694881909     -0.1539135
    4624.3250203197412702     -0.1509494
    4619.6764294467902801     -0.1521333
    4615.0279805439795382     -0.1499479
    4610.3796736050508116     -0.1530931
    4605.7315086234148112     -0.1513101
    4601.0834855925477314     -0.1518778
    4596.4356045058584641     -0.1503120
    4591.7878653570242022     -0.1497574
    4587.1402681393883540     -0.1517090
    4582.4928128465589907     -0.1505262
    4577.8454994719486422     -0.1515975
    4573.1983280090971675     -0.1509115
    4568.5512984514825803     -0.1503235
    4563.9044107926474680     -0.1527175
    4559.2576650260689348     -0.1525931
    4554.6110611452231751     -0.1509458
    4549.9645991436518671     -0.1525759
    4545.3182790148330241     -0.1528635
    4540.6721007523092339     -0.1517657
    4536.0260643495566910     -0.1521115
    4531.3801698000506804     -0.1532448
    4526.7344170972692154     -0.1533371
    4522.0888062348212770     -0.1518864
    4517.4433372061848786     -0.1528339
    4512.7980100047661836     -0.1535012
    4508.1528246241778106     -0.1518069
    4503.5077810578950448     -0.1515247
    4498.8628792993949901     -0.1490410
    4494.2181193422193246     -0.1498242
    4489.5735011798460619     -0.1533424
    4484.9290248057495774     -0.1544093
    4480.2846902134742777     -0.1524188
    4475.6404973966300531     -0.1536996
    4470.9964463485603119     -0.1526646
    4466.3525370628722158     -0.1524515
    4461.7087695331110808     -0.1525713
    4457.0651437526184964     -0.1529922
    4452.4216597150734742     -0.1517906
    4447.7783174138821778     -0.1527229
    4443.1351168425899232     -0.1527144
    4438.4920579947392980     -0.1524140
    4433.8491408638055873     -0.1505466
    4429.2063654432677140     -0.1514976
    4424.5637317267319304     -0.1513854
    4419.9212397076780690     -0.1514862
    4415.2788893795795957     -0.1523436
    4410.6366807359136146     -0.1530169
    4405.9946137703573186     -0.1532896
    4401.3526884762532063     -0.1538711
    4396.7109048471447750     -0.1526880
    4392.0692628766410053     -0.1518335
    4387.4277625581516986     -0.1520040
    4382.7864038852212616     -0.1521759
    4378.1451868514568559     -0.1523492
    4373.5041114502701021     -0.1525239
    4368.8631776752026781     -0.1496442
    4364.2223855197980811     -0.1541347
    4359.5817349775998082     -0.1536697
    4354.9412260420176608     -0.1524915
    4350.3008587066606196     -0.1557838
    4345.6606329650048792     -0.1535912
    4341.0205488105275435     -0.1517360
    4336.3806062369048959     -0.1532093
    4331.7408052374794352     -0.1540657
    4327.1011458059283541     -0.1531683
    4322.4616279356587256     -0.1502655
    4317.8222516202167753     -0.1538179
    4313.1830168531450909     -0.1536683
    4308.5439236279844408     -0.1521960
    4303.9049719382137482     -0.1513239
    4299.2661617773746912     -0.1492064
    4294.6274931389425547     -0.1500230
    4289.9889660165290479     -0.1521829
    4285.3505804036094560     -0.1487408
    4280.7123362937272759     -0.1504336
    4276.0742336803577928     -0.1489591
    4271.4362725571118062     -0.1470770
    4266.7984529173991177     -0.1485426
    4262.1607747548951011     -0.1465047
    4257.5232380630095577     -0.1462110
    4252.8858428352859846     -0.1460245
    4248.2485890652005764     -0.1467366
    4243.6114767464287070     -0.1460753
    4238.9745058724492992     -0.1458646
    4234.3376764367349097     -0.1211079
