Scan:     24      F22287-1917 2010-05-15 +11 59 56.0
         OPTICAL                 Jy    
        km/s-BAR                 I
    8898.4857921325856296      0.0097822
    8893.7059417755572213      0.0501336
    8888.9262394410343404      0.0582449
    8884.1466851222921832      0.0674507
    8879.3672788123440114      0.0547180
    8874.5880205043958995      0.0536380
    8869.8089101915284118      0.0498898
    8865.0299478668857773      0.0643950
    8860.2511335235412844      0.0537198
    8855.4724671547064645      0.0505648
    8850.6939487533927604      0.0435215
    8845.9155783128080657      0.0380602
    8841.1373558261002472      0.0548370
    8836.3592812864098960      0.0549709
    8831.5813546867466357      0.0458968
    8826.8035760203201789      0.0469053
    8822.0259452802783926      0.0488119
    8817.2484624596945650      0.0516744
    8812.4711275517784088      0.0518253
    8807.6939405495450046      0.0473884
    8802.9169014462659106      0.0556261
    8798.1400102350198722      0.0590141
    8793.3632669088838156      0.0553574
    8788.5866714610001509      0.0548385
    8783.8102238845840475      0.0514925
    8779.0339241727069748      0.0549726
    8774.2577723185131617      0.0536179
    8769.4817683150831726      0.0556868
    8764.7059121556903847      0.0598731
    8759.9302038332789380      0.0562841
    8755.1546433411931503      0.0534154
    8750.3792306723753427      0.0582409
    8745.6039658201061684      0.0555375
    8740.8288487774589157      0.0547426
    8736.0538795375759946      0.0532459
    8731.2790580936052720      0.0542258
    8726.5043844386873388      0.0551902
    8721.7298585659682431      0.0580396
    8716.9554804685212730      0.0562274
    8712.1812501395579602      0.0552106
    8707.4071675721588690      0.0577519
    8702.6332327595973766      0.0569925
    8697.8594456948158040      0.0552372
    8693.0858063711602881      0.0562080
    8688.3123147815731500      0.0585351
    8683.5389709193314047      0.0570063
    8678.7657747775137977      0.0561024
    8673.9927263493282226      0.0560477
    8669.2198256278516055      0.0562234
    8664.4470726062299946      0.0559438
    8659.6744672777367668      0.0559750
    8654.9020096353197005      0.0580170
    8650.1296996722521726      0.0533870
    8645.3575373816111096      0.0576708
    8640.5855227566098620      0.0578084
    8635.8136557903235371      0.0568208
    8631.0419364760273311      0.0567745
    8626.2703648066672031      0.0548342
    8621.4989407755856519      0.0570371
    8616.7276643757268175      0.0567553
    8611.9565356005005015      0.0577984
    8607.1855544427835412      0.0560681
    8602.4147208958529518      0.0565069
    8597.6440349529857485      0.0548931
    8592.8734966070569499      0.0566271
    8588.1031058514799952      0.0592098
    8583.3328626792626892      0.0584959
    8578.5627670835510798      0.0555780
    8573.7928190575548797      0.0537081
    8569.0230185944146797      0.0552123
    8564.2533656872074062      0.0567191
    8559.4838603292137122      0.0586189
    8554.7145025135105243      0.0552186
    8549.9452922333057359      0.0572578
    8545.1762294816071517      0.0548825
    8540.4073142516972439      0.0549471
    8535.6385465367802681      0.0554362
    8530.8699263298731239      0.0554819
    8526.1014536242491886      0.0576219
    8521.3331284129162668      0.0569006
    8516.5649506892204954      0.0573518
    8511.7969204461733170      0.0545791
    8507.0290376770499279      0.0558108
    8502.2613023749272543      0.0572360
    8497.4937145329495252      0.0569415
    8492.7262741443246341      0.0554728
    8487.9589812022004480      0.0558949
    8483.1918356997175579      0.0556941
    8478.4248376300856762      0.0588470
    8473.6579869863162457      0.0572548
    8468.8912837617554032      0.0569794
    8464.1247279495419207      0.0550318
    8459.3583195427527244      0.0565058
    8454.5920585346011649      0.0560330
    8449.8259449181623495      0.0565157
    8445.0599786867824150      0.0551572
    8440.2941598334018636      0.0553982
    8435.5284883513650129      0.0552671
    8430.7629642337487894      0.0557609
    8425.9975874737629056      0.0557631
    8421.2323580644861067      0.0559138
    8416.4672759992590727      0.0592180
    8411.7023412710295815      0.0550102
    8406.9375538731364941      0.0586390
    8402.1729137985930720      0.0574375
    8397.4084210406745115      0.0556833
    8392.6440755925905250      0.0584454
    8387.8798774474198581      0.0566093
    8383.1158265983740421      0.0556386
    8378.3519230385263654      0.0577676
    8373.5881667612211459      0.0548261
    8368.8245577594698261      0.0572498
    8364.0610960265494214      0.0545257
    8359.2977815555350389      0.0548511
    8354.5346143397709966      0.0566208
    8349.7715943721359508      0.0593745
    8345.0087216461033677      0.0569746
    8340.2459961546865088      0.0571851
    8335.4834178910950868      0.0546592
    8330.7209868484042090      0.0550506
    8325.9587030199581932      0.0582368
    8321.1965663988339656      0.0565345
    8316.4345769782430580      0.0568276
    8311.6727347513260611      0.0559282
    8306.9110397112981445      0.0564700
    8302.1494918512962613      0.0559514
    8297.3880911644682783      0.0570245
    8292.6268376440893917      0.0566149
    8287.8657312832383468      0.0544451
    8283.1047720751903398      0.0550939
    8278.3439600130222971      0.0534617
    8273.5832950900130527      0.0543249
    8268.8227772992358950      0.0569412
    8264.0624066339696583      0.0545220
    8259.3021830872912687      0.0544135
    8254.5421066524104390      0.0555498
    8249.7821773226060031      0.0577383
    8245.0223950909512496      0.0563842
    8240.2627599506595288      0.0525397
    8235.5032718949387345      0.0560759
    8230.7439309169330954      0.0539210
    8225.9847370097886596      0.0567637
    8221.2256901668442879      0.0560815
    8216.4667903811132419      0.0558451
    8211.7080376458725368      0.0564503
    8206.9494319541972800      0.0560567
    8202.1909732994972728      0.0563538
    8197.4326616746529908      0.0543443
    8192.6744970730705973      0.0541778
    8187.9164794879625333      0.0565016
    8183.1586089123375132      0.0542754
    8178.4008853394734615      0.0560537
    8173.6433087625800908      0.0559563
    8168.8858791748689328      0.0564741
    8164.1285965694141851      0.0557957
    8159.3714609394946820      0.0574046
    8154.6144722782528333      0.0589483
    8149.8576305789665639      0.0567257
    8145.1009358347128000      0.0563342
    8140.3443880387667377      0.0588669
    8135.5879871842071225      0.0585032
    8130.8317332643755435      0.0570535
    8126.0756262723498367      0.0576950
    8121.3196662013397145      0.0579365
    8116.5638530446231016      0.0568862
    8111.8081867952105313      0.0529366
    8107.0526674465763790      0.0562161
    8102.2972949915993013      0.0572931
    8097.5420694237554926      0.0554896
    8092.7869907359881836      0.0557681
    8088.0320589217089946      0.0556334
    8083.2772739739266399      0.0577535
    8078.5226358859845277      0.0566166
    8073.7681446509614034      0.0568186
    8069.0138002621979467      0.0582037
    8064.2596027127729030      0.0550513
    8059.5055519958959849      0.0527231
    8054.7516481047769048      0.0558411
    8049.9978910326271944      0.0595913
    8045.2442807726547471      0.0562508
    8040.4908173180720041      0.0567713
    8035.7375006620204658      0.0574278
    8030.9843307977116638      0.0571727
    8026.2313077184217036      0.0562602
    8021.4784314172275117      0.0549480
    8016.7257018874734058      0.0529098
    8011.9731191221690096      0.0594334
    8007.2206831147241246      0.0587062
    8002.4683938582147675      0.0583714
    7997.7162513459206821      0.0551783
    7992.9642555709815497      0.0562788
    7988.2124065266098114      0.0555732
    7983.4607042060160893      0.0548457
    7978.7091486023418838      0.0569063
    7973.9577397089988153      0.0563484
    7969.2064775189310240      0.0556901
    7964.4553620255455826      0.0580579
    7959.7043932219230555      0.0577463
    7954.9535711013377295      0.0560853
    7950.2028956570002265      0.0549763
    7945.4523668820547755      0.0553176
    7940.7019847697774821      0.0558449
    7935.9517493133125754      0.0550020
    7931.2016605059352514      0.0583945
    7926.4517183407906487      0.0580849
    7921.7019228111548728      0.0576691
    7916.9522739101721527      0.0565791
    7912.2027716311176846      0.0583472
    7907.4534159671366069      0.0561354
    7902.7042069115050253      0.0572020
    7897.9551444572989567      0.0586134
    7893.2062285979964145      0.0571610
    7888.4574593264742361      0.0519571
    7883.7088366362750094      0.0548240
    7878.9603605203419647      0.0538411
    7874.2120309720867226      0.0561168
    7869.4638479845852999      0.0570050
    7864.7158115511138021      0.0576205
    7859.9679216648164584      0.0572467
    7855.2201783191030700      0.0576960
    7850.4725815069168675      0.0590525
    7845.7251312216694714      0.0610333
    7840.9778274565696847      0.0545913
    7836.2306702046935243      0.0552938
    7831.4836594594535200      0.0578156
    7826.7367952139238696      0.0560524
    7821.9900774613834074      0.0604088
    7817.2435061949736337      0.0596779
    7812.4970814080397759      0.0584871
    7807.7508030936578507      0.0573737
    7803.0046712451712665      0.0603332
    7798.2586858557242522      0.0638469
    7793.5128469186593065      0.0585794
    7788.7671544269860533      0.0592174
    7784.0216083741170223      0.0631479
    7779.2762087531255020      0.0596941
    7774.5309555573585385      0.0579365
    7769.7858487800240255      0.0621917
    7765.0408884142652823      0.0624976
    7760.2960744534275364      0.0628367
    7755.5514068905849854      0.0649995
    7750.8068857190828567      0.0626084
    7746.0625109319980766      0.0614343
    7741.3182825228077490      0.0621181
    7736.5742004844532858      0.0651808
    7731.8302648104136097      0.0621109
    7727.0864754936974350      0.0577593
    7722.3428325277154727      0.0577798
    7717.5993359055446490      0.0603233
    7712.8559856205274627      0.0626009
    7708.1127816658081429      0.0650244
    7703.3697240346646140      0.0622765
    7698.6268127203702534      0.0655124
    7693.8840477160056253      0.0644599
    7689.1414290149787121      0.0622174
    7684.3989566103664401      0.0642531
    7679.6566304955131272      0.0624774
    7674.9144506635620928      0.0662652
    7670.1724171078549261      0.0598286
    7665.4305298214703726      0.0596895
    7660.6887887978182334      0.0631745
    7655.9471940299754351      0.0645746
    7651.2057455112844764      0.0622236
    7646.4644432348886767      0.0639888
    7641.7232871941323538      0.0631729
    7636.9822773820933435      0.0611449
    7632.2414137921787187      0.0623404
    7627.5006964175345274      0.0633122
    7622.7601252513704821      0.0595659
    7618.0197002870281722      0.0623780
    7613.2794215175863428      0.0632295
    7608.5392889364547955      0.0638211
    7603.7993025367095470      0.0632619
    7599.0594623116930961      0.0609191
    7594.3197682546187934      0.0616530
    7589.5802203587609256      0.0629146
    7584.8408186172628120      0.0652705
    7580.1015630234687706      0.0634401
    7575.3624535705885137      0.0653543
    7570.6234902518326635      0.0653130
    7565.8846730604109325      0.0640413
    7561.1460019895994265      0.0675993
    7556.4074770327424631      0.0689133
    7551.6690981829160592      0.0664681
    7546.9308654334645325      0.0643291
    7542.1927787775975958      0.0688227
    7537.4548382085913545      0.0687724
    7532.7170437195909471      0.0661647
    7527.9793953040034467      0.0651150
    7523.2418929549094173      0.0665100
    7518.5045366656495389      0.0663227
    7513.7673264294344335      0.0658863
    7509.0302622396065999      0.0645973
    7504.2933440891792998      0.0625043
    7499.5565719716269086      0.0638795
    7494.8199458801591391      0.0630158
    7490.0834658079202200      0.0648889
    7485.3471317482535596      0.0656138
    7480.6109436943024775      0.0645383
    7475.8749016394776845      0.0654291
    7471.1390055768542879      0.0639791
    7466.4032554998448177      0.0642799
    7461.6676514015898647      0.0630639
    7456.9321932753682631      0.0638139
    7452.1968811144552092      0.0655053
    7447.4617149120613249      0.0654659
    7442.7266946613981418      0.0635588
    7437.9918203558745518      0.0634433
    7433.2570919885665717      0.0672881
    7428.5225095528185193      0.0655713
    7423.7880730419065003      0.0638095
    7419.0537824489756531      0.0668940
    7414.3196377674330506      0.0666258
    7409.5856389904247408      0.0669140
    7404.8517861112259197      0.0686360
    7400.1180791231154217      0.0656263
    7395.3845180193002307      0.0710339
    7390.6511027930591808      0.0707023
    7385.9178334377347710      0.0676483
    7381.1847099464712301      0.0713388
    7376.4517323125455732      0.0711871
    7371.7189005292329966      0.0673013
    7366.9862145898105155      0.0659495
    7362.2536744874896613      0.0638598
    7357.5212802155456302      0.0590487
    7352.7890317673227401      0.0595114
    7348.0569291359634008      0.0611576
    7343.3249723148119301      0.0599347
    7338.5931612970107381      0.0576011
    7333.8614960759723544      0.0578134
    7329.1299766448373703      0.0578002
    7324.3986029970174059      0.0560680
    7319.6673751255211755      0.0560105
    7314.9362930238930858      0.0579413
    7310.2053566852091535      0.0538359
    7305.4745661028136965      0.0530372
    7300.7439212699837299      0.0592522
    7296.0134221799280567      0.0577211
    7291.2830688258563896      0.0566047
    7286.5528612011812584      0.0551740
    7281.8227992991096471      0.0555837
    7277.0928831128539969      0.0551549
    7272.3631126357568064      0.0520764
    7267.6334878610277883      0.0538184
    7262.9040087820103508      0.0558183
    7258.1746753919151161      0.0553463
    7253.4454876840190991      0.0585596
    7248.7164456515301936      0.0576463
    7243.9875492877945362      0.0562445
    7239.2587985860873232      0.0559969
    7234.5301935396855697      0.0566081
    7229.8017341417325952      0.0589961
    7225.0734203857055036      0.0566606
    7220.3452522646803118      0.0576331
    7215.6172297720004281      0.0578390
    7210.8893529010101702      0.0535263
    7206.1616216448528576      0.0579948
    7201.4340359969364727      0.0581893
    7196.7065959504743660      0.0541523
    7191.9793014987399147      0.0554809
    7187.2521526349446503      0.0568558
    7182.5251493524328907      0.0562554
    7177.7982916444798320      0.0561294
    7173.0715795043633989      0.0554522
    7168.3450129253596970      0.0552942
    7163.6185919006784388      0.0534384
    7158.8923164236630328      0.0560172
    7154.1661864875904939      0.0576865
    7149.4402020857378375      0.0568252
    7144.7143632113138665      0.0559126
    7139.9886698577311108      0.0549326
    7135.2631220180637683      0.0558842
    7130.5377196858562456      0.0570104
    7125.8124628541181664      0.0563311
    7121.0873515163930279      0.0588611
    7116.3623856656913631      0.0541702
    7111.6375652955557598      0.0538038
    7106.9128903989967512      0.0556623
    7102.1883609695578343      0.0548267
    7097.4639770003159356      0.0560525
    7092.7397384847454305      0.0555898
    7088.0156454159259738      0.0594770
    7083.2916977872673669      0.0591041
    7078.5678955920438966      0.0559723
    7073.8442388234689133      0.0544370
    7069.1207274749494900      0.0571786
    7064.3973615396298555      0.0560085
    7059.6741410109207209      0.0566265
    7054.9510658820317985      0.0593149
    7050.2281361462391942      0.0578195
    7045.5053517968872256      0.0568612
    7040.7827128272510890      0.0571498
    7036.0602192305432254      0.0589840
    7031.3378710001716172      0.0555171
    7026.6156681293459769      0.0547258
    7021.8936106114115319      0.0541518
    7017.1716984395116015      0.0556698
    7012.4499316071205612      0.0584619
    7007.7283101074499427      0.0597147
    7003.0068339337103680      0.0552067
    6998.2855030793771220      0.0593288
    6993.5643175375280407      0.0575230
    6988.8432773016393185      0.0593364
    6984.1223823649206679      0.0550278
    6979.4016327206491042      0.0522529
    6974.6810283621680355      0.0565030
    6969.9605692826871746      0.0588291
    6965.2402554756172322      0.0556640
    6960.5200869341670113      0.0555824
    6955.8000636516135273      0.0567335
    6951.0801856213020073      0.0560229
    6946.3604528365058286      0.0556782
    6941.6408652905047347      0.0563896
    6936.9214229767067081      0.0576377
    6932.2021258882568873      0.0555660
    6927.4829740185632545      0.0586272
    6922.7639673608373414      0.0571111
    6918.0451059084880399      0.0558333
    6913.3263896546595788      0.0578384
    6908.6078185927617596      0.0578965
    6903.8893927160042949      0.0582598
    6899.1711120178642886      0.0576928
    6894.4529764914177576      0.0577078
    6889.7349861301418059      0.0563218
    6885.0171409271797529      0.0559455
    6880.2994408760077931      0.0570573
    6875.5818859698365486      0.0571431
    6870.8644762018757319      0.0560728
    6866.1472115656024471      0.0547042
    6861.4300920542264066      0.0542994
    6856.7131176610910188      0.0589377
    6851.9962883794059962      0.0573470
    6847.2796042025802308      0.0556872
    6842.5630651238261635      0.0540556
    6837.8466711365526862      0.0565982
    6833.1304222339695116      0.0558249
    6828.4143184094864409      0.0568126
    6823.6983596563140964      0.0570115
    6818.9825459678631887      0.0561116
    6814.2668773372743090      0.0564505
    6809.5513537578935939      0.0553174
    6804.8359752231963284      0.0559490
    6800.1207417263258321      0.0566901
    6795.4056532607601184      0.0554199
    6790.6907098195742947      0.0577870
    6785.9759113962445554      0.0528884
    6781.2612579839824321      0.0532456
    6776.5467495761977261      0.0551210
    6771.8323861661001501      0.0567698
    6767.1181677470985960      0.0552772
    6762.4040943124055048      0.0550393
    6757.6901658554279493      0.0556016
    6752.9763823693783706      0.0554763
    6748.2627438477320538      0.0547203
    6743.5492502835659252      0.0534765
    6738.8359016703570887      0.0540653
    6734.1226980014480432      0.0539060
    6729.4096392700485012      0.0559235
    6724.6967254695036900      0.0553254
    6719.9839565931551988      0.0560201
    6715.2713326342791333      0.0572455
    6710.5588535862216304      0.0564913
    6705.8465194423233697      0.0557425
    6701.1343301957949734      0.0563429
    6696.4222858401135454      0.0565510
    6691.7103863684224052      0.0592067
    6686.9986317741977473      0.0557209
    6682.2870220506492842      0.0564242
    6677.5755571911877269      0.0559754
    6672.8642371889554852      0.0543352
    6668.1530620374978753      0.0553617
    6663.4420317300218812      0.0582905
    6658.7311462598072467      0.0564847
    6654.0204056202610445      0.0536626
    6649.3098098046621089      0.0552941
    6644.5993588063520292      0.0572428
    6639.8890526186096395      0.0589945
    6635.1788912347756195      0.0557710
    6630.4688746481961061      0.0556490
    6625.7590028522108696      0.0541381
    6621.0492758400996536      0.0544166
    6616.3396936052049568      0.0544665
    6611.6302561408019756      0.0565549
    6606.9209634403023301      0.0547350
    6602.2118154969830357      0.0556001
    6597.5028123041856816      0.0550643
    6592.7939538551872829      0.0574789
    6588.0852401433985506      0.0565258
    6583.3766711620955903      0.0553484
    6578.6682469045554171      0.0546617
    6573.9599673642551352      0.0552266
    6569.2518325343362449      0.0533999
    6564.5438424083440623      0.0566700
    6559.8359969793536948      0.0563636
    6555.1282962409086394      0.0564883
    6550.4207401862204279      0.0563634
    6545.7133288086297398      0.0565271
    6541.0060621014827120      0.0546849
    6536.2989400581864174      0.0588134
    6531.5919626719532971      0.0603765
    6526.8851299361922429      0.0537798
    6522.1784418442457536      0.0556368
    6517.4718983893253608      0.0572586
    6512.7654995649063494      0.0556932
    6508.0592453642002511      0.0582453
    6503.3531357806814412      0.0590543
    6498.6471708075614515      0.0592635
    6493.9413504382500832      0.0569112
    6489.2356746660243516      0.0580067
    6484.5301434842931485      0.0587660
    6479.8247568863334891      0.0573214
    6475.1195148654887817      0.0563083
    6470.4144174151024345      0.0565007
    6465.7094645285169463      0.0593499
    6461.0046561990766349      0.0565665
    6456.2999924200566966      0.0568552
    6451.5954731849360542      0.0566683
    6446.8910984868552987      0.0574134
    6442.1868683193606557      0.0563311
    6437.4827826756591094      0.0560933
    6432.7788415490967964      0.0569254
    6428.0750449330807896      0.0566432
    6423.3713928208890138      0.0564124
    6418.6678852059321798      0.0546207
    6413.9645220814863933      0.0576688
    6409.2613034408932435      0.0551233
    6404.5582292774979578      0.0577643
    6399.8552995847112470      0.0582993
    6395.1525143557400952      0.0541212
    6390.4498735841307280      0.0549895
    6385.7473772630246458      0.0531592
    6381.0450253859644363      0.0586002
    6376.3428179460961474      0.0580395
    6371.6407549368941545      0.0576337
    6366.9388363515699893      0.0560274
    6362.2370621836644204      0.0574863
    6357.5354324263889794      0.0554312
    6352.8339470731543770      0.0586935
    6348.1326061172358095      0.0578870
    6343.4314095520439878      0.0558682
    6338.7303573708550175      0.0573824
    6334.0294495671460027      0.0563680
    6329.3286861341266558      0.0546989
    6324.6280670652067784      0.0567447
    6319.9275923537952622      0.0558709
    6315.2272619931718509      0.0561996
    6310.5270759766763149      0.0558734
    6305.8270342976547909      0.0546687
    6301.1271369495798353      0.0547332
    6296.4273839256002248      0.0561505
    6291.7277752192539992      0.0580119
    6287.0283108238218119      0.0547160
    6282.3289907326434331      0.0556883
    6277.6298149389986065      0.0558051
    6272.9307834364290102      0.0546188
    6268.2318962181434472      0.0536066
    6263.5331532775544474      0.0568143
    6258.8345546079372070      0.0574138
    6254.1361002027670111      0.0569109
    6249.4377900553890868      0.0533878
    6244.7396241590140562      0.0528072
    6240.0416025071826880      0.0543199
    6235.3437250931056042      0.0566886
    6230.6459919102599088      0.0545247
    6225.9484029519235264      0.0561717
    6221.2509582114371369      0.0571466
    6216.5536576822123607      0.0553607
    6211.8565013576580895      0.0572057
    6207.1594892310513387      0.0520320
    6202.4626212957355165      0.0510384
    6197.7658975451195147      0.0561220
    6193.0693179726149538      0.0554968
    6188.3728825714306367      0.0525398
    6183.6765913350445771      0.0539596
    6178.9804442567974547      0.0544642
    6174.2844413300344968      0.0546966
    6169.5885825481645952      0.0550471
    6164.8928679044647652      0.0546711
    6160.1972973924121106      0.0528900
    6155.5018710052818278      0.0524719
    6150.8065887364855371      0.0537167
    6146.1114505793648277      0.0528548
    6141.4164565273313201      0.0545495
    6136.7216065735929078      0.0533383
    6132.0269007117613000      0.0526409
    6127.3323389349789068      0.0554575
