Scan:     39      F02435+1253 2010-05-24 +14 34 13.0
         OPTICAL                 Jy    
        km/s-BAR                 I
        7941.983288200877     0.02828362
        7937.232713478053     0.02867693
        7932.482285424622     0.03237940
        7927.732004033859     0.03051840
        7922.981869298841     0.01846515
        7918.231881212779    0.008610719
        7913.482039769081     0.01911341
        7908.732344960693     0.01853262
        7903.982796781024     0.01270414
        7899.233395223151    0.004538117
        7894.484140280417    0.007386877
        7889.735031945967    0.006228261
        7884.986070212943    0.003231725
        7880.237255074689    0.003834269
        7875.488586524280    0.002822197
        7870.740064554995    0.001540244
        7865.991689160111  -0.0001800280
        7861.243460332704    0.001229772
        7856.495378066050  -1.308853e-05
        7851.747442353493  -0.0008484144
        7846.999653188044   0.0003571555
        7842.252010562979   -0.004229249
        7837.504514471642   -0.003814412
        7832.757164907110   -0.002650654
        7828.009961862592   -0.003668857
        7823.262905331365   -0.001958859
        7818.515995306639   -0.001831589
        7813.769231781625   -0.001507101
        7809.022614749601  -0.0008410364
        7804.276144203640  -0.0006459993
        7799.529820137022  -0.0005492669
        7794.783642543089  -5.203421e-05
        7790.037611414919   -0.002294115
        7785.291726745720  -7.858232e-06
        7780.545988528837   -0.001126591
        7775.800396757415   -0.002478034
        7771.054951424660   -0.001369475
        7766.309652523852  -0.0004647656
        7761.564500048135    0.001134021
        7756.819493990783   -0.001920144
        7752.074634345007  -0.0004794809
        7747.329921104085   0.0007721842
        7742.585354261093  -0.0001328424
        7737.840933809441    0.001739739
        7733.096659742207   -0.001099842
        7728.352532052731   0.0004155462
        7723.608550734160   0.0008135709
        7718.864715779704    0.002094366
        7714.121027182638    0.003444003
        7709.377484936240    0.001792882
        7704.634089033652    0.001141259
        7699.890839468085    0.002173017
        7695.147736232883  -0.0003024461
        7690.404779321123   -0.001888614
        7685.661968726147    0.002672508
        7680.919304441166    0.002058139
        7676.176786459323   0.0002918984
        7671.434414773961  -0.0003278017
        7666.692189378292   0.0003042828
        7661.950110265524   7.479296e-05
        7657.208177428803    0.002227773
        7652.466390861536    0.003973268
        7647.724750556868    0.001077499
        7642.983256507942   -0.002055714
        7638.241908708169  -0.0009105181
        7633.500707150625    0.001080349
        7628.759651828654    0.002176146
        7624.018742735465   0.0004684807
        7619.277979864203   7.459264e-05
        7614.537363208210  -0.0006008316
        7609.796892760697   -0.002012928
        7605.056568514873   -0.001537025
        7600.316390464017   0.0004672053
        7595.576358601336   0.0003042012
        7590.836472920043    0.001217958
        7586.096733413413   0.0005159277
        7581.357140074723  -0.0009409834
        7576.617692897051   -0.001694326
        7571.878391873805  -0.0006545679
        7567.139236998264   7.020254e-05
        7562.400228263436  -0.0003255245
        7557.661365662732  -0.0001073245
        7552.922649189430  -0.0006612620
        7548.184078836670   -0.002076131
        7543.445654597666   -0.001848129
        7538.707376465826  -0.0001231544
        7533.969244434160   0.0001183584
        7529.231258496080    0.001436439
        7524.493418644794  -0.0007918259
        7519.755724873578   -0.001174405
        7515.018177175511   -0.001706499
        7510.280775544137  -0.0009549710
        7505.543519972396  -0.0002665112
        7500.806410453635   -0.001072031
        7496.069446981262   -0.001868443
        7491.332629548287  -0.0004832614
        7486.595958148055   0.0006077834
        7481.859432773841   0.0006084610
        7477.123053418855   -0.003307848
        7472.386820076376   -0.002739330
        7467.650732739612  -0.0007922735
        7462.914791401840   -0.002709127
        7458.178996056272   -0.002598312
        7453.443346696249   -0.001072697
        7448.707843314915   0.0009446323
        7443.972485905548  -0.0002044218
        7439.237274461490  -0.0004325155
        7434.502208975817   -0.001859283
        7429.767289441941   -0.002648001
        7425.032515853071   -0.002118964
        7420.297888202352  -7.347666e-05
        7415.563406483192   -0.001480592
        7410.829070688735   0.0003982519
        7406.094880812325  -0.0007536712
        7401.360836847171   0.0004089671
        7396.626938786484   1.229071e-05
        7391.893186623608   -0.001434064
        7387.159580351751   -0.001383655
        7382.426119964126  -1.548464e-05
        7377.692805454072  -6.083187e-05
        7372.959636814738  -0.0005337555
        7368.226614039463   -0.001379399
        7363.493737121592   -0.001028443
        7358.761006054202  -0.0001867427
        7354.028420830569  -0.0006574337
        7349.295981444170  -0.0003925808
        7344.563687887949   0.0002838525
        7339.831540155382   0.0004949592
        7335.099538239679   0.0005293004
        7330.367682134117    0.001244784
        7325.635971831840    0.003122633
        7320.904407326323   0.0008557541
        7316.172988610578    0.002345303
        7311.441715678080  -0.0002638886
        7306.710588521974    0.002241872
        7301.979607135536    0.002305133
        7297.248771512042    0.002376106
        7292.518081644837   0.0006969447
        7287.787537527064  -0.0006674803
        7283.057139151999   0.0003712666
        7278.326886512985    0.002070964
        7273.596779603166    0.002739763
        7268.866818415953    0.001336839
        7264.137002944554    0.002788909
        7259.407333182180    0.002814253
        7254.677809122109  -1.796830e-05
        7249.948430757749    0.001360595
        7245.219198082178    0.001234360
        7240.490111088739    0.001525990
        7235.761169770775    0.002172166
        7231.032374121432    0.003452196
        7226.303724134048    0.002401548
        7221.575219801904    0.002512182
        7216.846861118211    0.001491618
        7212.118648076241    0.004854201
        7207.390580669341   0.0002747137
        7202.662658890787  -0.0001165882
        7197.934882733722    0.001967878
        7193.207252191556    0.003160608
        7188.479767257499   0.0009825418
        7183.752427924761    0.001790873
        7179.025234186753  -4.417317e-05
        7174.298186036684   0.0005529591
        7169.571283467764    0.002038127
        7164.844526473470    0.002105315
        7160.117915046813    0.001623407
        7155.391449181202  -0.0005581785
        7150.665128869980    0.002629116
        7145.938954106224   0.0009017426
        7141.212924883412   0.0003879311
        7136.487041194752   -0.001061742
        7131.761303033521    0.001598898
        7127.035710392932    0.002608867
        7122.310263266390    0.001964363
        7117.584961647043   0.0002810474
        7112.859805528232   -0.001109268
        7108.134794903301   -0.002714455
        7103.409929765392   -0.002389959
        7098.685210107851   0.0006522602
        7093.960635924085   0.0001598126
        7089.236207207174  -0.0001149575
        7084.511923950459   -0.002596392
        7079.787786147283   -0.002131609
        7075.063793790925   -0.001334606
        7070.339946874527   -0.002825672
        7065.616245391631   -0.002451301
        7060.892689335250   -0.001814671
        7056.169278698859   -0.003089944
        7051.446013475667   -0.002383704
        7046.722893658886   -0.004913990
        7041.999919241925   -0.003928414
        7037.277090218128   -0.005001432
        7032.554406580571   -0.002016846
        7027.831868322598   -0.003088944
        7023.109475437685   -0.001898960
        7018.387227918908   -0.001425952
        7013.665125759613   -0.001359481
        7008.943168953140   -0.001733768
        7004.221357492768   -0.001320338
        6999.499691371706   -0.001509946
        6994.778170583299   -0.002343589
        6990.056795120889   -0.003222973
        6985.335564977618   -0.002553298
        6980.614480146965   -0.001639506
        6975.893540622073   0.0004838342
        6971.172746396283   -0.002147556
        6966.452097463008   -0.003377668
        6961.731593815324  -0.0005072066
        6957.011235446639   0.0002501009
        6952.291022350232   -0.001894494
        6947.570954519379  -0.0007279873
        6942.851031947424   0.0001050779
        6938.131254627641    0.003875816
        6933.411622553311   0.0008592996
        6928.692135717706   1.374459e-05
        6923.972794114173  -0.0006372701
        6919.253597735986    0.001187742
        6914.534546576424   -0.001467622
        6909.815640628829  -0.0005139515
        6905.096879886477  -0.0002285858
        6900.378264342647   0.0001576087
        6895.659793990613    0.003280148
        6890.941468823787    0.001266128
        6886.223288835312   -0.001604130
        6881.505254018597   0.0005867206
        6876.787364366985   -0.001199597
        6872.069619873622   0.0009404013
        6867.352020531849    0.002148336
        6862.634566335144  -0.0008523242
        6857.917257276582   0.0009814701
        6853.200093349507  -3.324482e-05
        6848.483074547397    0.001106093
        6843.766200863327    0.001448310
        6839.049472290774    0.001594403
        6834.332888822949    0.002231764
        6829.616450453127    0.001544484
        6824.900157174719   0.0008642172
        6820.184008981002    0.001808101
        6815.468005865187    0.001360623
        6810.752147820614    0.002413407
        6806.036434840762    0.003274306
        6801.320866918641    0.003778558
        6796.605444047793   0.0002966736
        6791.890166221496   0.0003738458
        6787.175033432893  -0.0008847736
        6782.460045675461  -0.0008221869
        6777.745202942475   -0.001165775
        6773.030505227212   0.0003005581
        6768.315952522952  -0.0002702601
        6763.601544823168   -0.001141971
        6758.887282120938   -0.001327329
        6754.173164409672   0.0004865525
        6749.459191682779   6.561204e-05
        6744.745363933403  -0.0002480333
        6740.031681154955    0.001157452
        6735.318143340776   6.549590e-05
        6730.604750484078   5.964013e-05
        6725.891502578272   0.0004980998
        6721.178399616630   -0.002755278
        6716.465441592433   0.0004421463
        6711.752628499024    0.002371891
        6707.039960329744    0.002309490
        6702.327437077872    0.004172517
        6697.615058736682  -0.0002211755
        6692.902825299653    0.001534835
        6688.190736759928    0.001781726
        6683.478793110849    0.002171671
        6678.766994345894    0.002844743
        6674.055340458139    0.003643071
        6669.343831441060    0.004617092
        6664.632467288002    0.006254888
        6659.921247992173    0.007083521
        6655.210173546919    0.006568052
        6650.499243945580     0.01062897
        6645.788459181502    0.009801329
        6641.077819247959    0.008927268
        6636.367324138364     0.01080022
        6631.656973845859     0.01021581
        6626.946768363920    0.009452173
        6622.236707685891     0.01198232
        6617.526791804914     0.01211758
        6612.817020714468     0.01238980
        6608.107394407894     0.01384103
        6603.397912878338     0.01313145
        6598.688576119340     0.01702764
        6593.979384124112     0.02269823
        6589.270336885930     0.02956337
        6584.561434398204     0.03866522
        6579.852676654345     0.04931536
        6575.144063647428     0.06169118
        6570.435595370997     0.06998643
        6565.727271818329     0.07302050
        6561.019092982701     0.07305683
        6556.311058857455     0.07050670
        6551.603169436002     0.06289183
        6546.895424711484     0.06065603
        6542.187824677446     0.06135349
        6537.480369327096     0.05165627
        6532.773058653779     0.04678429
        6528.065892650772     0.04254422
        6523.358871311616     0.03644424
        6518.651994629389     0.03682572
        6513.945262597501     0.03465867
        6509.238675209429     0.03505265
        6504.532232458316     0.02936243
        6499.825934337571     0.02793813
        6495.119780840539     0.02843205
        6490.413771960494     0.02801614
        6485.707907690849     0.02827399
        6481.002188024944     0.03028636
        6476.296612956060     0.02769149
        6471.591182477469     0.02374834
        6466.885896582652     0.02646317
        6462.180755264882     0.02448996
        6457.475758517437     0.02555299
        6452.770906333727     0.02434937
        6448.066198707162     0.02399122
        6443.361635630884     0.02439222
        6438.657217098305     0.02165420
        6433.952943102900     0.02261180
        6429.248813637881     0.02525897
        6424.544828696523     0.02663800
        6419.840988272368     0.02571523
        6415.137292358562     0.02406518
        6410.433740948514     0.02471961
        6405.730334035633     0.02510650
        6401.027071613196     0.02330697
        6396.323953674480     0.02167979
        6391.620980212962     0.02095284
        6386.918151221918     0.02003695
        6382.215466694624     0.01779138
        6377.512926624625     0.01757240
        6372.810531005062     0.01915118
        6368.108279829280     0.02088749
        6363.406173090823     0.01729035
        6358.704210782832     0.01763218
        6354.002392898718     0.01631991
        6349.300719431890     0.01598333
        6344.599190375627     0.01729412
        6339.897805723270     0.01537149
        6335.196565468229     0.01686848
        6330.495469603717     0.01619115
        6325.794518123205     0.01820356
        6321.093711020108     0.01850318
        6316.393048287568     0.01796278
        6311.692529919060     0.01828196
        6306.992155907995     0.01736164
        6302.291926247583     0.01668068
        6297.591840931233     0.01481310
        6292.891899952357     0.01398004
        6288.192103304163     0.01131438
        6283.492450980128     0.01130059
        6278.792942973596     0.01114967
        6274.093579277842     0.01282276
        6269.394359886279     0.01091097
        6264.695284792247    0.007432127
        6259.996353989090    0.008614359
        6255.297567470153    0.007610543
        6250.598925228911    0.009137311
        6245.900427258506     0.01147273
        6241.202073552418     0.01013984
        6236.503864104055    0.007888888
        6231.805798906692    0.007861996
        6227.107877953676    0.005899569
        6222.410101238414    0.002899657
        6217.712468754184    0.003888921
        6213.014980494461    0.003862564
        6208.317636452523   0.0005816694
        6203.620436621713    0.002482231
        6198.923380995440  -6.563715e-05
        6194.226469567116    0.001829302
        6189.529702329948   0.0002475242
        6184.833079277349  -0.0008723359
        6180.136600402794   -0.001542919
        6175.440265699559   0.0003346227
        6170.744075160922   0.0007602649
        6166.048028780424    0.001192456
        6161.352126551277  -0.0005613836
        6156.656368466957   0.0004751017
        6151.960754520740  -0.0002391914
        6147.265284705972   0.0005652889
        6142.569959016125    0.001417635
        6137.874777444546    0.001212639
        6133.179739984443    0.002582963
        6128.484846629359   0.0001087515
        6123.790097372638    0.001556949
        6119.095492207491    0.001857588
        6114.401031127459  -0.0005996842
        6109.706714125887  -0.0003649745
        6105.012541196050  -0.0005141324
        6100.318512331360    0.001503498
        6095.624627525225   0.0006235543
        6090.930886770989  -0.0007836779
        6086.237290061928  -0.0001430335
        6081.543837391653    0.002181314
        6076.850528753241   -0.001508755
        6072.157364140232  -0.0005314613
        6067.464343545973   -0.001238254
        6062.771466963805   -0.002195089
        6058.078734387139   -0.001806802
        6053.386145809384   -0.002031631
        6048.693701223750   -0.001176912
        6044.001400623782  -0.0001390393
        6039.309244002753  -0.0006043111
        6034.617231354076   4.528119e-06
        6029.925362671094  -2.866584e-05
        6025.233637947282   -0.002877363
        6020.542057175850  -0.0004481491
        6015.850620350277  -0.0004306051
        6011.159327463970    0.001639433
        6006.468178510207  -0.0008841527
        6001.777173482397   -0.002332263
        5997.086312374018   -0.003496194
        5992.395595178278   -0.004348357
        5987.705021888655   5.639481e-05
        5983.014592498558   -0.003423210
        5978.324307001266   -0.001355624
        5973.634165390185    0.001606550
        5968.944167658728  -0.0006352264
        5964.254313800368   -0.003265921
        5959.564603808253   -0.003487651
        5954.875037675923   -0.001199899
        5950.185615396788   -0.001151071
        5945.496336964125   -0.001318373
        5940.807202371278   -0.002272310
        5936.118211611857   -0.002074050
        5931.429364679003   -0.002026239
        5926.740661566195   -0.002416829
        5922.052102266842   -0.001886885
        5917.363686774286   0.0002324072
        5912.675415081872   0.0009449201
        5907.987287183143   -0.001429948
        5903.299303071308    0.001091279
        5898.611462739777   0.0002230019
        5893.923766182093   0.0006866316
        5889.236213391468  -0.0008807470
        5884.548804361310   0.0007303437
        5879.861539085095    0.001543695
        5875.174417556101  -3.422442e-05
        5870.487439767802   -0.001691721
        5865.800605713612   -0.002347202
        5861.113915386803    0.002858549
        5856.427368780789    0.002505942
        5851.740965889110    0.001423356
        5847.054706704978   -0.001745532
        5842.368591221802   -0.001186413
        5837.682619433125    0.003331612
        5832.996791332092    0.001606132
        5828.311106912310    0.002829566
        5823.625566167123   0.0002029268
        5818.940169089808    0.001868291
        5814.254915673841    0.001957430
        5809.569805912702    0.002316519
        5804.884839799662   0.0005520381
        5800.200017328135    0.001500372
        5795.515338491528   0.0009493494
        5790.830803283253    0.003409688
        5786.146411696653    0.002355037
        5781.462163725203    0.003031832
        5776.778059362180  -0.0001116944
        5772.094098601129    0.001683914
        5767.410281435391    0.001613864
        5762.726607858244    0.002942205
        5758.043077863231    0.001704372
        5753.359691443760  -0.0003986064
        5748.676448593109   0.0003230600
        5743.993349304756    0.002789666
        5739.310393572108    0.003755390
        5734.627581388509   0.0002603313
        5729.944912747371  -1.649304e-05
        5725.262387642168    0.002924370
        5720.580006066244   8.145028e-05
        5715.897768012943    0.001310340
        5711.215673475805  -6.987136e-06
        5706.533722448045   0.0004933787
        5701.851914923269   0.0005459136
        5697.170250894756   0.0007792479
        5692.488730355913   0.0008188388
        5687.807353300152  -0.0007375789
        5683.126119720948    0.003677406
        5678.445029611579   0.0007623045
        5673.764082965520   -0.001248096
        5669.083279776250    0.001114198
        5664.402620037043  -0.0009437412
        5659.722103741376   -0.001049154
        5655.041730882660    0.001426544
        5650.361501454237   0.0006688818
        5645.681415449517  -6.854079e-05
        5641.001472862044   -0.003514299
        5636.321673685094   -0.001587746
        5631.642017912077   -0.001128348
        5626.962505536469  -6.790912e-05
        5622.283136551613   0.0002925747
        5617.603910950986   -0.004126741
        5612.924828727998  -0.0007662965
        5608.245889875925   -0.001751200
        5603.567094388311   -0.002684437
        5598.888442258566  -0.0009811105
        5594.209933480030   -0.001559216
        5589.531568046185   -0.001305002
        5584.853345950437   -0.001933999
        5580.175267186129   -0.001429361
        5575.497331746672  -0.0003577529
        5570.819539625610  -0.0004523751
        5566.141890816218   -0.002459719
        5561.464385311972   -0.002834579
        5556.787023106283   -0.003279277
        5552.109804192562   -0.001500485
        5547.432728564217   -0.001989966
        5542.755796214724   2.095170e-06
        5538.079007137362    0.001517428
        5533.402361325671  -0.0006523737
        5528.725858773063   -0.001846953
        5524.049499472814  -0.0004009058
        5519.373283418534   0.0008584480
        5514.697210603566    0.002607577
        5510.021281021253   -0.002313424
        5505.345494665138   -0.001440571
        5500.669851528565   0.0004906036
        5495.994351604943   -0.001185968
        5491.318994887749   -0.001264311
        5486.643781370325    0.001218036
        5481.968711046216    0.001171988
        5477.293783908763   0.0006116615
        5472.618999951311    0.001530418
        5467.944359167469   0.0006533971
        5463.269861550512    0.003378825
        5458.595507093922    0.001048063
        5453.921295791101  -0.0005347973
        5449.247227635465    0.001274257
        5444.573302620422   0.0007994701
        5439.899520739513   0.0009110642
        5435.225881986016   0.0003998104
        5430.552386353409   0.0008993176
        5425.879033835167   -0.003474503
        5421.205824424700   -0.001089868
        5416.532758115351    0.001595397
        5411.859834900662    0.002869529
        5407.187054773912   0.0007262547
        5402.514417728709   0.0008596880
        5397.841923758398   0.0008913668
        5393.169572856319    0.001036580
        5388.497365016085  -0.0002249762
        5383.825300230970    0.001654230
        5379.153378494453  -0.0009990715
        5374.481599800008   0.0005163872
        5369.809964141045   0.0002567825
        5365.138471510976   -0.001197736
        5360.467121903142   0.0006340486
        5355.795915311222    0.001688684
        5351.124851728424   0.0006843818
        5346.453931148223   -0.001153510
        5341.783153564097   -0.001984977
        5337.112518969457  -0.0004049397
        5332.442027357778   -0.001946338
        5327.771678722469   0.0003338524
        5323.101473056941   -0.002560838
        5318.431410354605   -0.002110066
        5313.761490609002   -0.002229352
        5309.091713813476  -0.0007528405
        5304.422079961438   -0.001144424
        5299.752589046495   -0.001032246
        5295.083241061859   -0.004568848
        5290.414036001139   -0.002053946
        5285.744973857678   -0.001211275
        5281.076054624952   -0.001241792
        5276.407278296374   -0.002734769
        5271.738644865416  -0.0004824208
        5267.070154325490   -0.003873232
        5262.401806670073   -0.005006235
        5257.733601892573   -0.003886960
        5253.065539986468   -0.002167252
        5248.397620945101   -0.004086858
        5243.729844762081   -0.005116732
        5239.062211430685   -0.004658588
        5234.394720944390   -0.005270740
        5229.727373296738   -0.006501878
        5225.060168481072   -0.002707018
        5220.393106490869   -0.002698373
        5215.726187319673   -0.005857969
        5211.059410960692   -0.005485956
        5206.392777407537   -0.006540035
        5201.726286653685   -0.003181862
        5197.059938692477   -0.004857387
        5192.393733517391   -0.003626674
        5187.727671121904   -0.006173119
