Scan:     42      F07329+1149 2010-05-03 +23 01 33.0
         OPTICAL                 Jy    
        km/s-BAR                 I
        6239.930598138083    -0.07535619
        6235.231839174810    -0.04540395
        6230.533224496889    -0.04571398
        6225.834754097729    -0.03955163
        6221.136427970605    -0.03385397
        6216.438246108928    -0.03899368
        6211.740208506041    -0.03617576
        6207.042315155221    -0.03485266
        6202.344566049944    -0.05127144
        6197.646961183554    -0.04541020
        6192.949500549325    -0.01889311
        6188.252184140672    -0.01575662
        6183.555011950867    -0.02355597
        6178.857983973455    -0.02055226
        6174.161100201579    -0.02256893
        6169.464360628849    -0.01915468
        6164.767765248343    -0.02084489
        6160.071314053601    -0.01710821
        6155.375007037968    -0.01753730
        6150.678844194721    -0.01411463
        6145.982825517271    -0.01512696
        6141.286950998958   -0.008870972
        6136.591220633260   -0.006825238
        6131.895634413389   -0.007168894
        6127.200192332753   -0.007594605
        6122.504894384761   -0.003370884
        6117.809740562691   -0.004445128
        6113.114730860020   -0.003832674
        6108.419865270023   -0.004688972
        6103.725143786110   -0.003737868
        6099.030566401560   -0.008028653
        6094.336133109914   -0.001842117
        6089.641843904383   -0.005083131
        6084.947698778376   -0.003446949
        6080.253697725302   -0.001082367
        6075.559840738440   -0.002196379
        6070.866127811265   -0.002130979
        6066.172558937054   4.219890e-05
        6061.479134109217   -0.003794402
        6056.785853321097   -0.003363891
        6052.092716566171    0.002240040
        6047.399723837648   -0.001133025
        6042.706875129004  -0.0007228234
        6038.014170433518   -0.001365916
        6033.321609744665   0.0005735908
        6028.629193055789   0.0002074618
        6023.936920360299  -0.0005079855
        6019.244791651471   0.0006575380
        6014.552806922650   -0.001637343
        6009.860966167311    0.001784272
        6005.169269378866  -6.011828e-05
        6000.477716550523   -0.001547462
        5995.786307675825   -0.002639649
        5991.095042747983   0.0007789792
        5986.403921760540    0.004448628
        5981.712944706772   0.0003912370
        5977.022111580089  -0.0002519000
        5972.331422373834    0.002558754
        5967.640877081419    0.005629371
        5962.950475696184    0.002856389
        5958.260218211541   0.0005177452
        5953.570104620833  -0.0002092885
        5948.880134917470  -0.0004055003
        5944.190309094860   -0.002096293
        5939.500627146283   -0.002547717
        5934.811089065211   -0.003340196
        5930.121694844992   -0.001543574
        5925.432444479033   -0.001711464
        5920.743337960611  -0.0002266076
        5916.054375283269  -0.0006053610
        5911.365556440218   7.951639e-05
        5906.676881425000   0.0008617852
        5901.988350230892    0.001529627
        5897.299962851304    0.002161990
        5892.611719279646   0.0008441181
        5887.923619509262    0.001828411
        5883.235663533560    0.003242560
        5878.547851345951    0.003210915
        5873.860182939710    0.001876243
        5869.172658308316   0.0005400915
        5864.485277445177  -3.861363e-05
        5859.798040343571    0.001306823
        5855.110946996975   -0.001288567
        5850.423997398795    0.002345956
        5845.737191542313    0.001272977
        5841.050529421001    0.001116013
        5836.364011028270   0.0003918288
        5831.677636357399   -0.004091149
        5826.991405401861  -0.0008195781
        5822.305318155002   -0.001633737
        5817.619374610297  -0.0001351764
        5812.933574761023   -0.003885513
        5808.247918600590   -0.004298031
        5803.562406122474   0.0001026446
        5798.877037320019   0.0007467127
        5794.191812186568  -0.0007771758
        5789.506730715596   -0.001908995
        5784.821792900449    0.001313840
        5780.136998734468  -0.0005364879
        5775.452348211130   -0.002153899
        5770.767841323845    0.001743267
        5766.083478065891   -0.002186447
        5761.399258430808  -0.0007516412
        5756.715182411875    0.001470831
        5752.031250002568    0.001328561
        5747.347461196230   -0.001348909
        5742.663815986204   -0.003375210
        5737.980314366099   -0.001203818
        5733.296956329062  -0.0009285712
        5728.613741868631   -0.001821674
        5723.930670978153    0.002271644
        5719.247743651036   -0.002715064
        5714.564959880690   0.0001102434
        5709.882319660525    0.001565299
        5705.199822983886   -0.001741315
        5700.517469844247    0.001633878
        5695.835260234952  -0.0004486565
        5691.153194149411  -0.0003776197
        5686.471271581034   0.0006623089
        5681.789492523230   3.856495e-05
        5677.107856969411   -0.001161520
        5672.426364912918   0.0009375206
        5667.745016347228  -0.0004473541
        5663.063811265751    0.001909847
        5658.382749661763    0.001052104
        5653.701831528809    0.002441118
        5649.021056860296  -0.0009361247
        5644.340425649503  -0.0006217450
        5639.659937889906  -0.0005888281
        5634.979593574914   -0.001295458
        5630.299392697938   -0.002744809
        5625.619335252387  -0.0004090393
        5620.939421231670   0.0003343399
        5616.259650629198   -0.002071348
        5611.580023438315   0.0009208331
        5606.900539652495  -0.0005781964
        5602.221199265085   8.016561e-05
        5597.542002269557   -0.001411245
        5592.862948659390    0.002458760
        5588.184038427795   0.0005589888
        5583.505271568312    0.001707439
        5578.826648074354   0.0007002584
        5574.148167939262    0.001172236
        5569.469831156513   -0.003091526
        5564.791637719451   -0.004435491
        5560.113587621618   0.0002625905
        5555.435680856292  -0.0002992573
        5550.757917416880   0.0008718065
        5546.080297296929  -0.0009477495
        5541.402820489712  -0.0003708515
        5536.725486988775   0.0009769817
        5532.048296787392  -0.0007982825
        5527.371249879107   0.0006577024
        5522.694346257265    0.006218103
        5518.017585915275   -0.001146237
        5513.340968846544   -0.002740165
        5508.664495044552   -0.004719707
        5503.988164502641   -0.002559091
        5499.311977214287  -0.0006444620
        5494.635933172900    0.001074397
        5489.960032371824  -2.482389e-05
        5485.284274804601    0.001328692
        5480.608660464574    0.002556865
        5475.933189345154    0.004054128
        5471.257861439752    0.001901376
        5466.582676741840   -0.001433063
        5461.907635244833    0.001656373
        5457.232736942136  -0.0007172896
        5452.557981827097    0.001187602
        5447.883369893322   -0.002063573
        5443.208901134089    0.001828399
        5438.534575542808    0.002951731
        5433.860393112955  -0.0006024686
        5429.186353837940  -0.0004273312
        5424.512457711172    0.003365330
        5419.838704726129    0.002760387
        5415.165094876154    0.004648232
        5410.491628154723   -0.001726806
        5405.818304555246   -0.001047922
        5401.145124071198  -0.0002215952
        5396.472086695923    0.001317723
        5391.799192422899   -0.002347967
        5387.126441245536    0.001176185
        5382.453833157240  -0.0003177839
        5377.781368151557    0.003008755
        5373.109046221764  -5.993371e-06
        5368.436867361337   -0.002403222
        5363.764831563684    0.001509072
        5359.092938822350    0.002397959
        5354.421189130611    0.003301114
        5349.749582482011    0.001102697
        5345.078118869891   0.0004805830
        5340.406798287730   0.0003519738
        5335.735620729003   0.0005131868
        5331.064586187053    0.001344045
        5326.393694655357   -0.002127674
        5321.722946127390  -6.526441e-06
        5317.052340596499   -0.002336306
        5312.381878056157   -0.004554932
        5307.711558499773   -0.005108865
        5303.041381920893    0.002196745
        5298.371348312793  -0.0002160571
        5293.701457669015   -0.001591008
        5289.031709982969   -0.003609540
        5284.362105247998   0.0007853109
        5279.692643457714  -0.0001008608
        5275.023324605389   -0.001049237
        5270.354148684571    0.002283835
        5265.685115688600   0.0004466527
        5261.016225611020    0.002071949
        5256.347478445241   0.0006957395
        5251.678874184606  -0.0002583229
        5247.010412822659   -0.002295859
        5242.342094352807  -0.0005955532
        5237.673918768529   -0.001496427
        5233.005886063168   0.0005280849
        5228.337996230266    0.002509075
        5223.670249263235    0.005539369
        5219.002645155414    0.003933764
        5214.335183900417    0.005883409
        5209.667865491585    0.006710120
        5205.000689922328    0.005822282
        5200.333657186190    0.008314674
        5195.666767276512    0.005882847
        5191.000020186841    0.009225556
        5186.333415910582    0.007373338
        5181.666954441082    0.006091001
        5177.000635771948    0.005987578
        5172.334459896525    0.009958703
        5167.668426808289    0.009364078
        5163.002536500650     0.01274611
        5158.336788967149     0.01261682
        5153.671184201066     0.01454769
        5149.005722196009     0.01176007
        5144.340402945320     0.01375542
        5139.675226442544     0.01817891
        5135.010192681023     0.01845375
        5130.345301654300     0.02033033
        5125.680553355786     0.02222728
        5121.015947778889     0.02754578
        5116.351484917088     0.03211109
        5111.687164763923     0.03444727
        5107.022987312673     0.03923308
        5102.358952556945     0.04264928
        5097.695060490086     0.04880207
        5093.031311105636     0.04998779
        5088.367704397006     0.04804272
        5083.704240357605     0.04847426
        5079.040918980911     0.04694771
        5074.377740260465     0.05080213
        5069.714704189611     0.04618600
        5065.051810761826     0.04170318
        5060.389059970586     0.04483324
        5055.726451809302     0.04239319
        5051.063986271514     0.03886728
        5046.401663350635     0.04393153
        5041.739483040140     0.04235043
        5037.077445333438     0.04037977
        5032.415550224007     0.04248300
        5027.753797705323     0.04318098
        5023.092187770795     0.04451111
        5018.430720413967     0.04299399
        5013.769395628247     0.03885208
        5009.108213407048     0.03907306
        5004.447173743910     0.03686276
        4999.786276632245     0.03584298
        4995.125522065595     0.03466226
        4990.464910037303     0.03377752
        4985.804440540845     0.03653704
        4981.144113569764     0.03557437
        4976.483929117472     0.03416872
        4971.823887177444     0.03495927
        4967.163987743089     0.03246859
        4962.504230807951     0.03453904
        4957.844616365505     0.03578132
        4953.185144409097     0.03334424
        4948.525814932334     0.03149304
        4943.866627928561     0.03463554
        4939.207583391319     0.03321836
        4934.548681314020     0.03367156
        4929.889921690138     0.03389588
        4925.231304513219     0.03270570
        4920.572829776670     0.02950652
        4915.914497473969     0.03418066
        4911.256307598525     0.03175646
        4906.598260143883     0.03306004
        4901.940355103450     0.03045323
        4897.282592470770     0.03191622
        4892.624972239254     0.02995565
        4887.967494402443     0.03326946
        4883.310158953683     0.03273991
        4878.652965886514     0.03131532
        4873.995915194413     0.02766387
        4869.339006870924     0.02805700
        4864.682240909391     0.03197803
        4860.025617303356     0.02924921
        4855.369136046227     0.02338318
        4850.712797131483     0.02212075
        4846.056600552733     0.02426908
        4841.400546303254     0.02567947
        4836.744634376721     0.02300185
        4832.088864766410     0.01892517
        4827.433237465933     0.01713944
        4822.777752468764     0.01623834
        4818.122409768249     0.01413635
        4813.467209358061     0.01335258
        4808.812151231479    0.008661618
        4804.157235382112    0.006607688
        4799.502461803369    0.005320428
        4794.847830488794    0.003172740
        4790.193341431795    0.001901088
        4785.538994625918    0.001936564
        4780.884790064571    0.003084064
        4776.230727741230    0.003602675
        4771.576807649506  -0.0003120837
        4766.923029782742   -0.003186446
        4762.269394134411   0.0008884977
        4757.615900698128   -0.001483036
        4752.962549467233   -0.002914842
        4748.309340435269   -0.001093347
        4743.656273595714   -0.002147581
        4739.003348942042   -0.002347278
        4734.350566467800   -0.002416019
        4729.697926166392   0.0005542731
        4725.045428031366   -0.001780633
        4720.393072056064    0.001421484
        4715.740858234160   3.904136e-05
        4711.088786558999  -0.0004912807
        4706.436857024125   0.0005697110
        4701.785069623013  -9.302639e-05
        4697.133424349138   0.0008454580
        4692.481921196048   0.0002364835
        4687.830560157146    0.001913076
        4683.179341225914  -0.0003508121
        4678.528264395958   -0.001262137
        4673.877329660690   -0.002507384
        4669.226537013518   -0.003781172
        4664.575886448054  -0.0005890307
        4659.925377957772  -5.817441e-05
        4655.275011536150  -0.0001107163
        4650.624787176597    0.001735034
        4645.974704872724   -0.002191962
        4641.324764617872  -0.0003686915
        4636.674966405718    0.003232393
        4632.025310229605    0.001612560
        4627.375796083143    0.005306367
        4622.726423959743    0.002201910
        4618.077193852879  -0.0002572335
        4613.428105756096   -0.004108063
        4608.779159662936    0.001332384
        4604.130355566742  -5.813757e-05
        4599.481693461124    0.004051667
        4594.833173339559  -0.0008666510
        4590.184795195589   -0.001089841
        4585.536559022558   0.0006010640
        4580.888464814141   0.0009211223
        4576.240512563749    0.001336544
        4571.592702264858  -0.0007203895
        4566.945033910944   -0.001986084
        4562.297507495618    0.003714963
        4557.650123012220    0.005603718
        4553.002880454430    0.002683427
        4548.355779815590   -0.002168925
        4543.708821089308   -0.002372213
        4539.062004268995   -0.001347231
        4534.415329348194   -0.004907456
        4529.768796320449  -0.0002059249
        4525.122405179167   0.0002896692
        4520.476155917961  -0.0009196743
        4515.830048530237  -0.0003375379
        4511.184083009541   0.0003155256
        4506.538259349349   0.0008613472
        4501.892577543203   -0.003567606
        4497.247037584580   0.0002694801
        4492.601639466956   0.0008409910
        4487.956383183874   7.436782e-05
        4483.311268728878    0.001735943
        4478.666296095377    0.002423637
        4474.021465276913   0.0006053460
        4469.376776267030  -0.0006564372
        4464.732229059206   0.0002632073
        4460.087823646914  -0.0001360545
        4455.443560023766   -0.002779569
        4450.799438183171   -0.007432600
        4446.155458118606   -0.002132430
        4441.511619823747    0.001894395
        4436.867923291937   -0.001313876
        4432.224368516718   2.459263e-05
        4427.580955491634   -0.002056027
        4422.937684210162    0.002731968
        4418.294554665843   0.0007598833
        4413.651566852156   -0.001033017
        4409.008720762642  -0.0006170886
        4404.366016390778   -0.002643944
        4399.723453730174   -0.003057727
        4395.081032774173   -0.002100117
        4390.438753516450  -0.0008503314
        4385.796615950417   -0.002041600
        4381.154620069615   -0.003867385
        4376.512765867521   -0.003334298
        4371.871053337744    0.001195595
        4367.229482473696    0.002180791
        4362.588053268985   0.0009982103
        4357.946765717087  -0.0002803354
        4353.305619811479   -0.001449720
        4348.664615545704  -0.0005780409
        4344.023752913306    0.001066700
        4339.383031907691    0.002711144
        4334.742452522541    0.004355293
        4330.102014751260    0.002398219
        4325.461718587461    0.001397185
        4320.821564024553   -0.004829148
        4316.181551056079   -0.004470841
        4311.541679675649  -0.0009825015
        4306.901949876672    0.002531490
        4302.262361652691   0.0006174799
        4297.622914997316   -0.001635715
        4292.983609903958  -0.0004528893
        4288.344446366156    0.001596858
        4283.705424377458    0.002183681
        4279.066543931404    0.003645440
        4274.427805021471    0.001797745
        4269.789207641202  -0.0001062545
        4265.150751784073   0.0003955414
        4260.512437443694    0.001275233
        4255.874264613608    0.001348021
        4251.236233287224    0.001563755
        4246.598343458088  -0.0005213002
        4241.960595119805   0.0002169943
        4237.322988265855    0.005908387
        4232.685522889779    0.001270243
        4228.048198985054   0.0007627326
        4223.411016545290    0.001521975
        4218.773975563897    0.001996895
        4214.137076034483  -0.0008569601
        4209.500317950591    0.002093244
        4204.863701305700   0.0008463702
        4200.227226093418   -0.003064577
        4195.590892307154  -0.0008116772
        4190.954699940518   -0.001238829
        4186.318648986987   0.0002559226
        4181.682739440170  -0.0007377054
        4177.046971293477   -0.001880884
        4172.411344540585    0.001351516
        4167.775859174903   0.0007775141
        4163.140515190039    0.002035069
        4158.505312579538   0.0001356300
        4153.870251336876  -0.0001603690
        4149.235331455597   -0.002754485
        4144.600552929242  -6.509000e-05
        4139.965915751288    0.003013595
        4135.331419915345   0.0006710112
        4130.697065414955   0.0001305918
        4126.062852243596  -8.984788e-05
        4121.428780394876    0.002410358
        4116.794849862207    0.005506883
        4112.161060639262    0.002776008
        4107.527412719521   9.071492e-05
        4102.893906096524    0.002077724
        4098.260540763747    0.002573693
        4093.627316714803    0.001478411
        4088.994233943232    0.002121173
        4084.361292442578    0.003868432
        4079.728492206251    0.002678039
        4075.095833227994   -0.002321389
        4070.463315501215  -0.0009022321
        4065.830939019459  -0.0009564896
        4061.198703776268   -0.001157588
        4056.566609765252    0.001591033
        4051.934656979887   0.0008021894
        4047.302845413716  -3.739844e-05
        4042.671175060349   -0.001688171
        4038.039645913194   -0.001337671
        4033.408257965930   -0.002094346
        4028.777011212032   -0.004150481
        4024.145905645109  -0.0006956111
        4019.514941258572  -0.0006873813
        4014.884118046096   -0.002392781
        4010.253436001225  -0.0009563621
        4005.622895117368   -0.004760882
        4000.992495388201   -0.001152614
        3996.362236807135  -0.0002096474
        3991.732119367912   -0.003345253
        3987.102143063941   -0.002730313
        3982.472307888766  -0.0001303125
        3977.842613835996   -0.003678163
        3973.213060899175   0.0005715680
        3968.583649071778    0.004880927
        3963.954378347482    0.002008983
        3959.325248719697   -0.002078449
        3954.696260182031   -0.001564179
        3950.067412728029  -0.0007669074
        3945.438706351300  -4.414077e-05
        3940.810141045320  -0.0007486158
        3936.181716803631  -0.0001497493
        3931.553433619844  -0.0004219213
        3926.925291487501   0.0009329760
        3922.297290400080  -0.0004201066
        3917.669430351255   0.0004437642
        3913.041711334505   5.966875e-05
        3908.414133343370   -0.002338436
        3903.786696371395    0.001854461
        3899.159400412188    0.001692501
        3894.532245459294    0.001431133
        3889.905231506255   -0.003488914
        3885.278358546613  -0.0006154897
        3880.651626573912   -0.003320256
        3876.025035581762   -0.001272066
        3871.398585563638  -0.0008342707
        3866.772276513284    0.001372215
        3862.146108424042    0.002174243
        3857.520081289523   0.0007590366
        3852.894195103269   -0.001733663
        3848.268449858957    0.001880222
        3843.642845550062  -0.0002643162
        3839.017382170127   -0.001236497
        3834.392059712697    0.005252443
        3829.766878171446   0.0005755925
        3825.141837539785   0.0006935456
        3820.516937811389   -0.001430342
        3815.892178979736   -0.001603932
        3811.267561038501   -0.002007758
        3806.643083981094  -0.0003403508
        3802.018747801191    0.001046057
        3797.394552492335    0.004906712
        3792.770498048069   0.0002600421
        3788.146584461937  -0.0001709495
        3783.522811727547   -0.002199198
        3778.899179838443   -0.002970497
        3774.275688788234   0.0005296139
        3769.652338570396    0.003645126
        3765.029129178540   0.0004652280
        3760.406060606207   -0.003864559
        3755.783132847009  -0.0008792520
        3751.160345894553  -0.0002851367
        3746.537699742250   -0.001174358
        3741.915194383843   -0.001306942
        3737.292829812742  -0.0008123441
        3732.670606022622   0.0004018462
        3728.048523007026   -0.001954148
        3723.426580759565    0.001658930
        3718.804779273714   0.0006260161
        3714.183118543084   0.0007747809
        3709.561598561283    0.003132617
        3704.940219321854  -0.0006007295
        3700.318980818342   -0.002547627
        3695.697883044287   -0.001736100
        3691.076925993367   9.836731e-05
        3686.456109659125   0.0003116134
        3681.835434035103    0.003636355
        3677.214899114845   0.0008212701
        3672.594504891960    0.001775329
        3667.974251360058   -0.001362865
        3663.354138512614   -0.002154157
        3658.734166343306   0.0002577069
        3654.114334845676    0.001353908
        3649.494644013267    0.003120619
        3644.875093839755    0.001003039
        3640.255684318549    0.002789034
        3635.636415443328   -0.001556321
        3631.017287207698   -0.002692744
        3626.398299605139   -0.001056496
        3621.779452629324    0.001177006
        3617.160746273797   -0.003365666
        3612.542180532101   -0.002739167
        3607.923755397912   0.0004912568
        3603.305470864641    0.001708527
        3598.687326926030   -0.001827651
        3594.069323575621   0.0002103191
        3589.451460806891   -0.003501072
        3584.833738613583   -0.003486817
        3580.216156989173    0.003400915
        3575.598715927271   3.138754e-05
        3570.981415421419  -0.0001908662
        3566.364255465228   -0.002003221
        3561.747236052307   -0.001409487
        3557.130357176198   0.0008697450
        3552.513618830511   -0.003063818
        3547.897021008857   -0.001833556
        3543.280563704777   -0.004454940
        3538.664246911816   -0.002946177
        3534.048070623647   -0.002674962
        3529.432034833816   -0.002012589
        3524.816139535864   -0.005817530
        3520.200384723469   -0.003065426
        3515.584770390173   -0.006360557
