Scan:      6      F12043-3140 2010-07-25 +23 04 44.0
         OPTICAL                 Jy    
        km/s-BAR                 I
        8341.728761418981     -0.1118152
        8336.965287205623    -0.07295601
        8332.201960267885    -0.07839093
        8327.438780598977    -0.07482935
        8322.675748192110    -0.06937537
        8317.912863040494    -0.07131959
        8313.150125137137    -0.08157165
        8308.387534475387    -0.06918765
        8303.625091048316    -0.05941968
        8298.862794849070    -0.05535011
        8294.100645870993    -0.05880029
        8289.338644107027    -0.06236044
        8284.576789550516    -0.05612403
        8279.815082194604    -0.03540289
        8275.053522032367    -0.03552837
        8270.292109057084    -0.02874862
        8265.530843261895    -0.02521585
        8260.769724639946    -0.02631833
        8256.008753184515    -0.02156384
        8251.247928888675    -0.01762877
        8246.487251745639    -0.01483806
        8241.726721748617    -0.01226033
        8236.966338890685    -0.01079813
        8232.206103165119   -0.008948091
        8227.446014565132   -0.006065445
        8222.686073083732   -0.006332223
        8217.926278714263   -0.005861964
        8213.166631449871   -0.004380906
        8208.407131283628   -0.002231452
        8203.647778208880   -0.001702278
        8198.888572218772   -0.001123060
        8194.129513306312  -0.0002092046
        8189.370601464910  -0.0008559919
        8184.611836687644   8.467190e-05
        8179.853218967657   3.749257e-05
        8175.094748298226  -0.0004077903
        8170.336424672496  -0.0003410889
        8165.578248083608   0.0002144777
        8160.820218524840   0.0002735218
        8156.062335989269   0.0009855875
        8151.304600470171  -0.0003895436
        8146.547011960623    0.002021482
        8141.789570453904   0.0008126755
        8137.032275943222   0.0001553801
        8132.275128421720   -0.001047126
        8127.518127882543   -0.001908336
        8122.761274318967  -0.0003391112
        8118.004567724070   -0.001029879
        8113.248008091194   0.0008560640
        8108.491595413416    0.001401703
        8103.735329683946   0.0002167057
        8098.979210895996   0.0001051422
        8094.223239042642   0.0006397971
        8089.467414117293   0.0007301611
        8084.711736112959  -0.0002470716
        8079.956205022920  -0.0009768059
        8075.200820840316  -0.0007905639
        8070.445583558424  -0.0003859697
        8065.690493170257   0.0001064156
        8060.935549669223   0.0009234693
        8056.180753048466   0.0001206444
        8051.426103301063   -0.001876636
        8046.671600420289   0.0007195707
        8041.917244399289    0.002302914
        8037.163035231409   0.0003826357
        8032.408972909721   -0.003053901
        8027.655057427372  -0.0006809026
        8022.901288777703    0.003031199
        8018.147666953793    0.002138405
        8013.394191948852  -0.0003236088
        8008.640863756156   0.0009135420
        8003.887682368849   0.0002407357
        7999.134647780140  -0.0007385813
        7994.381759983240   -0.001792552
        7989.629018971225    0.001031935
        7984.876424737507  -2.503400e-05
        7980.123977275228   0.0002474117
        7975.371676577399   -0.001777107
        7970.619522637495   0.0005611354
        7965.867515448595   -0.001093581
        7961.115655003775  -0.0007205273
        7956.363941296511   0.0007476351
        7951.612374319749   0.0008069790
        7946.860954066829  -8.899094e-05
        7942.109680530963   0.0006956063
        7937.358553705229    0.002018623
        7932.607573582969  -0.0009702038
        7927.856740157392    0.001618068
        7923.106053421577    0.001972877
        7918.355513368800   -0.001226988
        7913.605119992337  -0.0006265855
        7908.854873285267  -9.083403e-05
        7904.104773240931   -0.002260977
        7899.354819852406   0.0009270831
        7894.605013112970    0.001081499
        7889.855353015833    0.002974344
        7885.105839554207   0.0007390893
        7880.356472721297   -0.001970051
        7875.607252510317   -0.001388738
        7870.858178914344   -0.002393055
        7866.109251926853  -0.0006826935
        7861.360471540856  -0.0007005497
        7856.611837749560   0.0001713410
        7851.863350546311   -0.001255635
        7847.115009924253   0.0002024021
        7842.366815876595    0.001085691
        7837.618768396547   0.0003008766
        7832.870867477252    0.002736105
        7828.123113112055  -0.0005863297
        7823.375505294099    0.001807037
        7818.628044016592  -0.0009809551
        7813.880729272814   -0.002105075
        7809.133561055974    0.001589626
        7804.386539359148   0.0004680814
        7799.639664175746   0.0006462989
        7794.892935498779    0.001618500
        7790.146353321657  -0.0003504939
        7785.399917637589  -0.0003986894
        7780.653628439588    0.001080268
        7775.907485721061   -0.001825373
        7771.161489475219    0.001922051
        7766.415639695208  -0.0006777870
        7761.669936374300   -0.001054165
        7756.924379505642  -0.0002458006
        7752.178969082510   0.0003611304
        7747.433705098180  -0.0008476354
        7742.688587545730    0.001831019
        7737.943616418569    0.001360883
        7733.198791709775    0.001349742
        7728.454113412557   0.0001699211
        7723.709581520326   5.592233e-05
        7718.965196026091   -0.003450730
        7714.220956923129   0.0004065400
        7709.476864204785    0.001815584
        7704.732917864068   -0.002262113
        7699.989117894453    0.001051323
        7695.245464289020    0.001182449
        7690.501957040910  -0.0006807831
        7685.758596143603   0.0005711539
        7681.015381590105  -0.0006342441
        7676.272313373695  -0.0007501399
        7671.529391487716  -0.0003464145
        7666.786615925311   -0.001041268
        7662.043986679559   -0.001465030
        7657.301503744000    0.001172686
        7652.559167111580  -0.0002453356
        7647.816976775708   -0.002255098
        7643.074932729528  -8.225204e-05
        7638.333034966250   -0.001094952
        7633.591283479283  -0.0003926662
        7628.849678261638  -0.0006183976
        7624.108219306594   -0.002155254
        7619.366906607490   -0.003129066
        7614.625740157539  -0.0009712751
        7609.884719949819   -0.001790088
        7605.143845977736  -0.0003449093
        7600.403118234435    0.001742358
        7595.662536713261  -0.0004348305
        7590.922101407290  -0.0001979712
        7586.181812309800  -0.0007472657
        7581.441669414131    0.002208498
        7576.701672713496   0.0001618694
        7571.961822200970   -0.001020942
        7567.222117869966   -0.001326583
        7562.482559713690  -0.0003369061
        7557.743147725289  -0.0003418376
        7553.003881898103    0.003118446
        7548.264762225280   0.0007833907
        7543.525788700159   0.0004347849
        7538.786961315886  -9.301251e-05
        7534.048280065736   0.0002261020
        7529.309744943054   -0.001626215
        7524.571355940917   0.0006111263
        7519.833113052600    0.001114135
        7515.095016271448    0.001451657
        7510.357065590602   0.0005459624
        7505.619261003409   -0.001571181
        7500.881602502943  -0.0001542315
        7496.144090082549   7.830463e-05
        7491.406723735570   0.0004342433
        7486.669503455082   0.0004518663
        7481.932429234363   -0.002365091
        7477.195501066753   -0.001045282
        7472.458718945401   -0.001333861
        7467.722082863580   -0.002439559
        7462.985592814567   0.0002877418
        7458.249248791508    0.001191161
        7453.513050787809    0.002043648
        7448.776998796616   0.0005469139
        7444.041092811140   6.286216e-05
        7439.305332824787    0.001017521
        7434.569718830639   0.0004432803
        7429.834250821968   -0.001094827
        7425.098928792188    0.001394883
        7420.363752734373    0.001478384
        7415.628722641734   -0.002421275
        7410.893838507748    0.001822180
        7406.159100325425    0.001513673
        7401.424508088241    0.001218587
        7396.690061789274    0.001800083
        7391.955761421800  -0.0002201422
        7387.221606979163   3.411674e-05
        7382.487598454505    0.002897363
        7377.753735841171   0.0001700264
        7373.020019132370    0.001480800
        7368.286448321380  -0.0005393734
        7363.553023401409    0.002392718
        7358.819744365802    0.001890812
        7354.086611207701   0.0009186873
        7349.353623920452    0.001759658
        7344.620782497263   0.0008563025
        7339.888086931410   0.0006735395
        7335.155537216173   -0.001545128
        7330.423133344759   0.0003373650
        7325.690875310444   -0.001530631
        7320.958763106508  -0.0008610599
        7316.226796726227   -0.002350854
        7311.494976162743   -0.001272481
        7306.763301409465    0.001262051
        7302.031772459607  -0.0008276351
        7297.300389306375   0.0001105113
        7292.569151943115  -8.598335e-05
        7287.838060362969    0.001793233
        7283.107114559349  -0.0004350918
        7278.376314525462   -0.002225259
        7273.645660254453   -0.001648989
        7268.915151739733  -0.0004935205
        7264.184788974510  -0.0001492619
        7259.454571952064   -0.001680228
        7254.724500665668  -0.0001529108
        7249.994575108533   0.0006239179
        7245.264795274004  -0.0008802591
        7240.535161155290   -0.001507679
        7235.805672745669   -0.003796246
        7231.076330038414   -0.001880337
        7226.347133026806   -0.003428292
        7221.618081703986    0.001012642
        7216.889176063431    0.002177777
        7212.160416098285   0.0004331501
        7207.431801801825  -0.0008111339
        7202.703333167394   -0.003120560
        7197.975010188135  -0.0007150649
        7193.246832857390  -0.0003012452
        7188.518801168439  -0.0006169297
        7183.790915114557    0.002511100
        7179.063174689019    0.001167888
        7174.335579885038   0.0006161120
        7169.608130695889   0.0001351172
        7164.880827114916   -0.001190910
        7160.153669135329  -0.0009921074
        7155.426656750471  -0.0004893524
        7150.699789953553    0.002903505
        7145.973068737851    0.002007309
        7141.246493096642    0.002692195
        7136.520063023268    0.001198568
        7131.793778510940    0.001124237
        7127.067639552935   0.0002589793
        7122.341646142529  -0.0004530452
        7117.615798273001    0.001602056
        7112.890095937624    0.003145780
        7108.164539129678   4.395665e-05
        7103.439127842505    0.001206328
        7098.713862069313    0.003216574
        7093.988741803383    0.004103054
        7089.263767038055    0.002786271
        7084.538937766541    0.001976207
        7079.814253982049    0.003500996
        7075.089715678057    0.001028825
        7070.365322847643    0.001730839
        7065.641075484282    0.004005839
        7060.916973581117    0.003242014
        7056.193017131424    0.003477952
        7051.469206128616    0.005053229
        7046.745540565900    0.004034100
        7042.022020436489    0.003897430
        7037.298645733725    0.006181905
        7032.575416450949    0.004889776
        7027.852332581375    0.005458861
        7023.129394118277    0.007712887
        7018.406601054999    0.005923036
        7013.683953384818    0.005518997
        7008.961451100945    0.005796362
        7004.239094196720    0.007003082
        6999.516882665490    0.006688312
        6994.794816500464    0.006397769
        6990.072895694917    0.006705338
        6985.351120242195    0.008420100
        6980.629490135573    0.008170818
        6975.908005368261    0.006743595
        6971.186665933669    0.005620733
        6966.465471825009    0.009178107
        6961.744423035620    0.005330081
        6957.023519558784    0.005726335
        6952.302761387708    0.007630298
        6947.582148515801    0.007684936
        6942.861680936276    0.006339531
        6938.141358642474    0.004740102
        6933.421181627673    0.005547034
        6928.701149885215    0.003922596
        6923.981263408245    0.004800599
        6919.261522190172    0.004252691
        6914.541926224273    0.005947495
        6909.822475503891    0.002227139
        6905.103170022237    0.005266031
        6900.384009772585    0.005115656
        6895.664994748348    0.004617760
        6890.946124942802    0.004745231
        6886.227400349089    0.003674602
        6881.508820960687    0.003781858
        6876.790386770806    0.005905529
        6872.072097772789    0.003336887
        6867.353953959912    0.002953384
        6862.635955325452    0.004030472
        6857.918101862754    0.003481639
        6853.200393565092    0.005206383
        6848.482830425678    0.003509579
        6843.765412437988    0.005698245
        6839.048139595231    0.005988895
        6834.331011890685    0.005894262
        6829.614029317693    0.004442064
        6824.897191869532    0.003897222
        6820.180499539544    0.004056450
        6815.463952321008    0.003714855
        6810.747550207197    0.004140377
        6806.031293191459    0.007561664
        6801.315181267068    0.006510200
        6796.599214427300    0.005312800
        6791.883392665566    0.003432188
        6787.167715975143    0.003001896
        6782.452184349239    0.005550981
        6777.736797781201   0.0007481700
        6773.021556264370    0.002704446
        6768.306459792088    0.001686033
        6763.591508357635   -0.001508930
        6758.876701954217    0.003405713
        6754.162040575248    0.001313537
        6749.447524214070   0.0003545245
        6744.733152863824    0.001805810
        6740.018926518055   -0.001208425
        6735.304845169909    0.003253426
        6730.590908812724    0.001400427
        6725.877117439782   0.0002971034
        6721.163471044489    0.001247728
        6716.449969620122    0.001767674
        6711.736613159959   -0.002063223
        6707.023401657278   -0.001037512
        6702.310335105486  -0.0008727715
        6697.597413497861   -0.001575175
        6692.884636827680  -0.0005683616
        6688.172005088287   -0.003258972
        6683.459518272956   -0.001758801
        6678.747176375166   0.0005560993
        6674.034979388059  -0.0005563271
        6669.322927304914    0.001435660
        6664.611020119203  -0.0002202301
        6659.899257824208   0.0004396867
        6655.187640413135  -0.0004919215
        6650.476167879396  -0.0008131248
        6645.764840216333   0.0002230208
        6641.053657417157    0.002805244
        6636.342619475279   3.056548e-05
        6631.631726383973  -0.0007734015
        6626.920978136650   0.0008676939
        6622.210374726522    0.001076335
        6617.499916146862    0.002071700
        6612.789602391150  -0.0001229090
        6608.079433452660    0.003747968
        6603.369409324604  -0.0001719095
        6598.659530000390  -0.0009747355
        6593.949795473364   -0.001432155
        6589.240205736800    0.001815854
        6584.530760784043    0.001259397
        6579.821460608368   0.0004939921
        6575.112305203254   0.0003692216
        6570.403294561843   0.0003597436
        6565.694428677477    0.001358148
        6560.985707543634  -0.0007316108
        6556.277131153525  -0.0009938789
        6551.568699500423   6.599230e-05
        6546.860412577810   0.0001694133
        6542.152270378891  -0.0006373350
        6537.444272897013   -0.001986617
        6532.736420125516   -0.003036902
        6528.028712057746   -0.001354714
        6523.321148687044    0.001581633
        6518.613730006689    0.001847736
        6513.906456010023    0.001242575
        6509.199326690389    0.001394007
        6504.492342041131  -0.0004319129
        6499.785502055525   0.0006834581
        6495.078806726982  -0.0003016282
        6490.372256048777  -0.0003768412
        6485.665850014255    0.002598356
        6480.959588616758  -0.0007645403
        6476.253471849563  -0.0007873217
        6471.547499706080   -0.002018925
        6466.841672179652   0.0003175063
        6462.135989263557   0.0002834648
        6457.430450951137    0.001295079
        6452.725057235735   0.0003226432
        6448.019808110628  -7.965692e-05
        6443.314703569294   -0.003280372
        6438.609743604940  -0.0004717899
        6433.904928210979    0.001159679
        6429.200257380752  -0.0006848406
        6424.495731107470   0.0006991755
        6419.791349384611  -0.0002892882
        6415.087112205449  -6.757201e-05
        6410.383019563327   0.0003934492
        6405.679071451591  -0.0001324766
        6400.975267863650   0.0003515401
        6396.271608792713    0.001351665
        6391.568094232191    0.001402305
        6386.864724175359  -0.0009544189
        6382.161498615696  -0.0004229799
        6377.458417546475    0.001900357
        6372.755480960977    0.003171844
        6368.052688852609   0.0005641530
        6363.350041214716   0.0003608200
        6358.647538040573   0.0008075665
        6353.945179323590   0.0008577188
        6349.242965057112  -0.0002230436
        6344.540895234414    0.001834042
        6339.838969848974   -0.001638090
        6335.137188893934  -0.0009542354
        6330.435552362836  -0.0001749520
        6325.734060248960   -0.002030156
        6321.032712545581   0.0004453246
        6316.331509246175  -5.123131e-05
        6311.630450344020   -0.001822078
        6306.929535832390  -0.0009784302
        6302.228765704764    0.002378371
        6297.528139954418   -0.001585926
        6292.827658574694   -0.001490151
        6288.127321559004  -0.0001771246
        6283.427128900557   0.0005436114
        6278.727080592897   0.0001488106
        6274.027176629233   0.0004252891
        6269.327417002974  -0.0001114513
        6264.627801707465   -0.001730895
        6259.928330736047   0.0008902042
        6255.229004082000  -0.0002422327
        6250.529821738865   -0.001696664
        6245.830783699786  -0.0006368178
        6241.131889958306    0.001012529
        6236.433140507634  -0.0005340093
        6231.734535341115   -0.001296422
        6227.036074452223  -0.0007092830
        6222.337757834305  -0.0007679460
        6217.639585480502   0.0009915102
        6212.941557384490    0.001140551
        6208.243673539413   -0.002112207
        6203.545933938615   -0.003465519
        6198.848338575572   -0.004193508
        6194.150887443560   0.0001228500
        6189.453580535989   0.0001055290
        6184.756417846203    0.001278452
        6180.059399367478   -0.001217503
        6175.362525093292   -0.001235508
        6170.665795016987   0.0008736528
        6165.969209131837  -0.0007104721
        6161.272767431257   0.0001902921
        6156.576469908654   0.0002744526
        6151.880316557305  -0.0002931295
        6147.184307370620   -0.001478446
        6142.488442341875   0.0001516957
        6137.792721464614   0.0006098900
        6133.097144732047   0.0003052302
        6128.401712137516   0.0002721345
        6123.706423674500    0.002889364
        6119.011279336340    0.002286904
        6114.316279116313   -0.001429676
        6109.621423007896   0.0004868708
        6104.926711004431   0.0001050107
        6100.232143099131   0.0007719873
        6095.537719285537  -0.0005067635
        6090.843439556991   -0.001515410
        6086.149303906773   -0.001602954
        6081.455312328356   0.0009457705
        6076.761464815018    0.004272563
        6072.067761360237   0.0008494294
        6067.374201957287   -0.001369562
        6062.680786599447  -0.0006264298
        6057.987515280325    0.002312722
        6053.294387993065    0.001042058
        6048.601404731211  -0.0004464507
        6043.908565488106  -0.0008803743
        6039.215870256959   0.0006463127
        6034.523319031312   0.0006293934
        6029.830911804511    0.001346270
        6025.138648569831  -0.0001907763
        6020.446529320750   0.0004373071
        6015.754554050610   0.0005239803
        6011.062722752687    0.001579391
        6006.371035420525    0.001152243
        6001.679492047333   -0.001821921
        5996.988092626656    0.001475833
        5992.296837151771    0.001053128
        5987.605725616017    0.001114999
        5982.914758012809  -0.0005004436
        5978.223934335554   0.0006085759
        5973.533254577595  -0.0008134199
        5968.842718732344   -0.001668888
        5964.152326793142  -0.0004625850
        5959.462078753334   0.0001471524
        5954.771974606329   0.0007918424
        5950.082014345537    0.001528271
        5945.392197964367   6.700191e-05
        5940.702525456097   -0.002227745
        5936.012996814136   0.0008964697
        5931.323612031894   0.0004374589
        5926.634371102782  -0.0004582448
        5921.945274020075   0.0005517689
        5917.256320777249    0.002670495
        5912.567511367716   0.0007182295
        5907.878845784686   -0.001398806
        5903.190324021699   -0.002496007
        5898.501946072101   0.0002687881
        5893.813711929236   -0.001703570
        5889.125621586577   0.0005887453
        5884.437675037404   0.0001569579
        5879.749872275124   -0.002075417
        5875.062213293216  -4.158726e-05
        5870.374698084889  -5.438438e-05
        5865.687326643753    0.001283046
        5861.000098962950   0.0007127263
        5856.313015036091   -0.001106132
        5851.626074856453   7.973573e-05
        5846.939278417311   -0.002613006
        5842.252625712277   -0.001190327
        5837.566116734693   -0.002078832
        5832.879751477768   0.0009552003
        5828.193529935046  -0.0005156603
        5823.507452099938  -7.853677e-05
        5818.821517965718   0.0003583506
        5814.135727525865   0.0007949998
        5809.450080773721    0.001585428
        5804.764577702696    0.001095827
        5800.079218306200  -0.0008541418
        5795.394002577576   -0.003446175
        5790.708930510301  -0.0002961003
        5786.024002097717    0.001893513
        5781.339217333169    0.001523131
        5776.654576210133   0.0007896330
        5771.970078721951    0.001096059
        5767.285724861967  -0.0009657465
        5762.601514623724  -0.0008119014
        5757.917448000499   0.0004821478
        5753.233524985701    0.001776618
        5748.549745572807    0.002222931
        5743.866109755094    0.001067984
        5739.182617526038    0.002591036
        5734.499268879050   0.0008761732
        5729.816063807405    0.001377027
        5725.133002304646   0.0001402564
        5720.450084364184  -0.0002793357
        5715.767309979228   -0.001142001
        5711.084679143321   -0.002366317
        5706.402191849808   -0.001771735
        5701.719848092231   0.0001535518
        5697.037647863800   0.0007610794
        5692.355591157991  -0.0005722692
        5687.673677968213   -0.002142746
        5682.991908287878  -0.0003941450
        5678.310282110328   0.0004199350
        5673.628799429041   -0.001828539
        5668.947460237424   -0.002933496
        5664.266264528756   -0.005013075
        5659.585212296645   -0.002838915
        5654.904303534236   -0.001495154
        5650.223538235204   -0.001872132
        5645.542916392759   -0.002881816
        5640.862438000379   -0.004733411
        5636.182103051472   -0.005855616
        5631.501911539450   -0.004757154
        5626.821863457653   -0.004872424
        5622.141958799562   -0.003555285
        5617.462197558516   -0.007807267
        5612.782579728058   -0.007063005
        5608.103105301469   -0.008111507
        5603.423774272155   -0.008377334
        5598.744586633593    -0.01104511
        5594.065542379194    -0.01143672
        5589.386641502234    -0.01092913
        5584.707883996322   -0.009916318
        5580.029269854736   -0.007962283
