Scan:     66      F14179+4927 2010-05-22 +05 25 28.0
         OPTICAL                 Jy    
        km/s-BAR                 I
        9107.562427659359    0.008651832
        9102.775430330286     0.01734811
        9097.988581366275     0.01202104
        9093.201880760467     0.01184154
        9088.415328505940     0.01291080
        9083.628924595771     0.01324734
        9078.842669023172     0.01021141
        9074.056561781150    0.007978970
        9069.270602862784    0.009013151
        9064.484792261281    0.007766103
        9059.699129969656    0.004382676
        9054.913615981051   -0.001625519
        9050.128250288610   -0.002769598
        9045.343032885341  -4.717262e-05
        9040.557963764457   -0.001402503
        9035.773042919034   -0.001116582
        9030.988270342083    0.001087748
        9026.203646026877   -0.001131465
        9021.419169966432   -0.001586119
        9016.634842153888   -0.003014730
        9011.850662582323   -0.002529182
        9007.066631244814   -0.003885017
        9002.282748134570   -0.003184129
        8997.499013244671  -0.0006730087
        8992.715426568191   -0.001148734
        8987.931988098209   -0.001414490
        8983.148697827934  -0.0006775886
        8978.365555750443  -0.0003322278
        8973.582561858879  -8.975532e-06
        8968.799716146188   -0.001224635
        8964.017018605711   -0.001106961
        8959.234469230394   0.0007765252
        8954.452068013512  -9.642617e-05
        8949.669814948076   -0.001225197
        8944.887710027162  -0.0009347373
        8940.105753243983    0.001018416
        8935.323944591546  -0.0008139663
        8930.542284063129  -0.0007905422
        8925.760771651743   0.0005172106
        8920.979407350465  -0.0005622794
        8916.198191152505   0.0005906190
        8911.417123051006  -0.0003671649
        8906.636203038912  -0.0001167896
        8901.855431109501   0.0006569376
        8897.074807255847  -0.0009088005
        8892.294331471032   0.0001524072
        8887.514003748327   0.0009255274
        8882.733824080613   0.0002687761
        8877.953792461230  -3.345285e-05
        8873.173908883195   0.0001231826
        8868.394173339644  -0.0007283989
        8863.614585823723   4.679014e-05
        8858.835146328447   -0.001186803
        8854.055854847154   -0.001420368
        8849.276711372722  -0.0004504938
        8844.497715898495    0.001180367
        8839.718868417483   0.0009203341
        8834.940168922763  -1.058663e-05
        8830.161617407615  -0.0006458930
        8825.383213865111   0.0006036250
        8820.604958288199  -2.830796e-05
        8815.826850670284  -0.0001702179
        8811.048891004248   0.0002911238
        8806.271079283431  -0.0006834774
        8801.493415500847   -0.001370548
        8796.715899649636  -0.0004076117
        8791.938531722944   0.0007324410
        8787.161311713779   0.0004396225
        8782.384239615554   0.0006710946
        8777.607315421144  -0.0002114681
        8772.830539123761  -0.0003833253
        8768.053910716544   -0.001731434
        8763.277430192644    0.002302926
        8758.501097545130    0.001418404
        8753.724912767218   0.0008428833
        8748.948875851984  -0.0002109889
        8744.172986792568   0.0009230422
        8739.397245582119  -0.0001244717
        8734.621652213777   0.0003571781
        8729.846206680684    0.001732258
        8725.070908975855   0.0003074216
        8720.295759092629   0.0005489106
        8715.520757024020  -0.0009368790
        8710.745902763170   2.628178e-05
        8705.971196303290  -8.976369e-05
        8701.196637637388  -0.0008568829
        8696.422226758676  -0.0003076459
        8691.647963660364  -0.0007829147
        8686.873848335395   0.0002765718
        8682.099880777179   0.0005969063
        8677.326060978598   0.0002518879
        8672.552388932922   0.0004512779
        8667.778864633296   4.839724e-05
        8663.005488072798    0.001616823
        8658.232259244640   1.583155e-05
        8653.459178141960   0.0004311792
        8648.686244757777  -0.0009727169
        8643.913459085426   0.0007208891
        8639.140821117857   0.0001560110
        8634.368330848411   0.0001238173
        8629.595988270097  -0.0003517099
        8624.823793375992   0.0004901133
        8620.051746159441   0.0001167630
        8615.279846613454  -0.0006605644
        8610.508094731242  -0.0004049343
        8605.736490505946   8.209630e-05
        8600.965033930577   0.0001258018
        8596.193724998482  -0.0006688460
        8591.422563702734  -0.0001183568
        8586.651550036409   -0.001104834
        8581.880683992724  -0.0009906390
        8577.109965564816   0.0006087092
        8572.339394745828   0.0002485746
        8567.568971528908   8.522897e-05
        8562.798695907199  -0.0002575658
        8558.028567873906  -0.0007643349
        8553.258587422111   0.0005711053
        8548.488754545026   0.0002822808
        8543.719069235789   -0.001379209
        8538.949531487413  -0.0008810364
        8534.180141293240   0.0005453814
        8529.410898646418    0.001091830
        8524.641803539953    0.001377538
        8519.872855967054  -0.0001983102
        8515.104055920934  -3.474264e-05
        8510.335403394738  -0.0009443819
        8505.566898381607   -0.001353812
        8500.798540874617   -0.001543402
        8496.030330867048   -0.001186084
        8491.262268351975   0.0003174805
        8486.494353322609   -0.001453321
        8481.726585772092   -0.001077684
        8476.958965693502   -0.001123852
        8472.191493080116  -0.0009907027
        8467.424167925010    0.001042421
        8462.656990221394   0.0008226970
        8457.889959962480   0.0007262390
        8453.123077141212  -0.0007381496
        8448.356341750998  -0.0009195560
        8443.589753784849   0.0002791563
        8438.823313235975   0.0001490947
        8434.057020097518  -0.0004838419
        8429.290874362625  -5.219849e-05
        8424.524876024572   0.0009358847
        8419.759025076368  -0.0007671400
        8414.993321511223   2.376863e-05
        8410.227765322416  -0.0007548034
        8405.462356502887   0.0002817957
        8400.697095046049  -0.0002671564
        8395.931980944912   -0.001072623
        8391.167014192619  -0.0005201857
        8386.402194782446  -0.0003008785
        8381.637522707470   4.022000e-05
        8376.872997960969   0.0003372518
        8372.108620535953   0.0009664915
        8367.344390425700    0.001295473
        8362.580307623351    0.001732704
        8357.816372122117  -5.087895e-05
        8353.052583915009  -0.0003326270
        8348.288942995370   0.0003014951
        8343.525449356277   0.0004486414
        8338.762102991008   0.0003828792
        8333.998903892636   1.096173e-05
        8329.235852054244   3.389344e-05
        8324.472947469236  -0.0007788735
        8319.710190130560  -0.0001686387
        8314.947580031556   4.317768e-05
        8310.185117165303   0.0003027091
        8305.422801524945    0.001511131
        8300.660633103756  -0.0005732076
        8295.898611894883   0.0008740253
        8291.136737891404  -7.507989e-05
        8286.375011086589   0.0005533330
        8281.613431473588  -0.0004205133
        8276.851999045610   0.0003151421
        8272.090713795797   0.0007102250
        8267.329575717291  -0.0003671153
        8262.568584803306   0.0002889476
        8257.807741046983    0.001369230
        8253.047044441599  -9.317828e-05
        8248.286494980299   0.0006065141
        8243.526092656159   0.0008736574
        8238.765837462455  -0.0003254306
        8234.005729392265   0.0003208579
        8229.245768438932  -0.0002408078
        8224.485954595533   0.0003354748
        8219.726287855212   0.0001461575
        8214.966768211245  -0.0001172338
        8210.207395656776    0.001263313
        8205.448170184882  -0.0004001194
        8200.689091788907  -0.0001935728
        8195.930160461927  -0.0001704561
        8191.171376197216  -0.0004152848
        8186.412738987922    0.001191238
        8181.654248827122    0.001616497
        8176.895905708223    0.001055279
        8172.137709624103  -0.0006931835
        8167.379660568239  -0.0006224108
        8162.621758533709  -0.0004076951
        8157.864003513655    0.001094743
        8153.106395501287  -0.0003086387
        8148.348934489816  -5.521697e-05
        8143.591620472386  -0.0001797410
        8138.834453442207   -0.001035052
        8134.077433392486  -0.0002680758
        8129.320560316439   0.0005362563
        8124.563834207138   0.0005753358
        8119.807255057861   0.0002019323
        8115.050822861819   -0.001533872
        8110.294537612156  -0.0002488876
        8105.538399302081   0.0005225448
        8100.782407924804  -1.784879e-05
        8096.026563473402  -0.0005905255
        8091.270865941220   -0.001128609
        8086.515315321334   0.0003288726
        8081.759911607019  -9.067563e-05
        8077.004654791421  -0.0007912269
        8072.249544867747  -0.0003017762
        8067.494581829212   4.982288e-05
        8062.739765669022  -0.0003388391
        8057.985096380256   7.417720e-05
        8053.230573956256  -0.0006195995
        8048.476198390099   0.0004616111
        8043.721969675064  -8.619241e-05
        8038.967887804358   0.0007615740
        8034.213952771061  -0.0005130016
        8029.460164568513  -0.0006383075
        8024.706523189728   -0.001652814
        8019.953028628180   0.0004996892
        8015.199680876813  -8.592299e-05
        8010.446479928972  -0.0005474613
        8005.693425777798  -0.0005085983
        8000.940518416435  -3.390104e-05
        7996.187757838229  -0.0004576427
        7991.435144036255  -0.0003216530
        7986.682677003722  -0.0001533817
        7981.930356733976   0.0006543879
        7977.178183220025   0.0004110409
        7972.426156455147   0.0002540085
        7967.674276432618  -0.0003056911
        7962.922543145517  -9.787422e-05
        7958.170956587117    0.001150989
        7953.419516750632   -0.001049351
        7948.668223629203  -0.0001869730
        7943.917077216173  -0.0007777320
        7939.166077504556   0.0003290594
        7934.415224487690   0.0004538943
        7929.664518158790   0.0001129369
        7924.913958510930  -0.0009282076
        7920.163545537454   0.0004303210
        7915.413279231507   0.0005657020
        7910.663159586296   0.0007122175
        7905.913186595101    0.001268971
        7901.163360250930  -0.0003622660
        7896.413680547262   4.432769e-05
        7891.664147477171   -0.001388705
        7886.914761033802  -0.0006240358
        7882.165521210499   0.0001997277
        7877.416428000339   0.0007282833
        7872.667481396663   0.0003122839
        7867.918681392683    0.001425368
        7863.170027981409   0.0009332306
        7858.421521156319   0.0001788211
        7853.673160910353  -0.0007154395
        7848.924947236991    0.001249643
        7844.176880129376   0.0008063187
        7839.428959580518    0.001544316
        7834.681185583891    0.001525564
        7829.933558132643    0.002901085
        7825.186077219848    0.001037769
        7820.438742838849  -0.0001850362
        7815.691554982859    0.001742050
        7810.944513645085    0.002957946
        7806.197618818738    0.002752515
        7801.450870497030    0.001880402
        7796.704268673169    0.001341549
        7791.957813340300    0.002093453
        7787.211504491831    0.003200270
        7782.465342120907    0.001758143
        7777.719326220605    0.001359314
        7772.973456784334    0.002311252
        7768.227733805172    0.002581775
        7763.482157276462    0.002029216
        7758.736727191346    0.002190931
        7753.991443543037   0.0008856026
        7749.246306324811    0.001263884
        7744.501315529876    0.002500986
        7739.756471151376    0.002405523
        7735.011773182723    0.001427490
        7730.267221616926    0.001243071
        7725.522816447329   0.0003393128
        7720.778557667141  -0.0005360722
        7716.034445269505   0.0009028359
        7711.290479247768    0.002031520
        7706.546659595068    0.001676238
        7701.802986304753    0.001033151
        7697.059459369965   0.0008576556
        7692.316078783781    0.001773147
        7687.572844539743    0.001099477
        7682.829756630862   0.0005278493
        7678.086815050348   0.0006057314
        7673.344019791546    0.001429922
        7668.601370847598    0.002110676
        7663.858868211847    0.001264664
        7659.116511877437    0.001060550
        7654.374301837513   0.0009696655
        7649.632238085548   0.0007420573
        7644.890320614489   0.0002217346
        7640.148549417811    0.001020686
        7635.406924488591   0.0008316747
        7630.665445820106   0.0004451631
        7625.924113405634   0.0004664015
        7621.182927238249    0.001060367
        7616.441887311430    0.001695009
        7611.700993618253   0.0006026095
        7606.960246151995   0.0009766064
        7602.219644905866  -7.156565e-05
        7597.479189873141  -0.0001676637
        7592.738881046967  -0.0004300977
        7587.998718420686   0.0008371864
        7583.258701987439  -1.431868e-05
        7578.518831740572   0.0002975736
        7573.779107673228   -0.001028222
        7569.039529778684   0.0007690857
        7564.300098050217    0.001297966
        7559.560812480970  -0.0008083528
        7554.821673064284  -0.0005743038
        7550.082679793372  -0.0009526736
        7545.343832661378    0.001126653
        7540.605131661643    0.001297422
        7535.866576787379  -9.050252e-05
        7531.128168031861    0.001010278
        7526.389905388301  -0.0003629532
        7521.651788849908  -0.0001856857
        7516.913818409959   0.0001734884
        7512.175994061730   0.0004434036
        7507.438315798366  -0.0006165787
        7502.700783613209   0.0003010995
        7497.963397499470  -0.0003408263
        7493.226157450358  -0.0002214636
        7488.489063459218   0.0002690841
        7483.752115519125  -0.0002750981
        7479.015313623490   0.0002119457
        7474.278657765457    0.001536014
        7469.542147938369  -0.0003693893
        7464.805784135435  -1.178604e-05
        7460.069566349799   0.0001327884
        7455.333494574806  -0.0008759332
        7450.597568803731  -2.317927e-05
        7445.861789029784  -0.0008172251
        7441.126155246175   0.0007149245
        7436.390667446182    0.001217605
        7431.655325623081   0.0004309504
        7426.920129770148   0.0002170695
        7422.185079880529  -0.0001049032
        7417.450175947564    0.001357762
        7412.715417964399   0.0003196633
        7407.980805924511  -0.0003942269
        7403.246339820907  -0.0007749698
        7398.512019646932  -0.0001264550
        7393.777845395864  -0.0009795235
        7389.043817060912  -1.041047e-05
        7384.309934635418   0.0005391124
        7379.576198112595  -8.775726e-05
        7374.842607485585  -0.0007235867
        7370.109162747797    0.001497355
        7365.375863892376   0.0001118416
        7360.642710912599  -0.0008685117
        7355.909703801874   0.0001403254
        7351.176842553213   -0.001707450
        7346.444127160024   -0.001738203
        7341.711557615587   0.0001503505
        7336.979133913042  -0.0005702410
        7332.246856045734  -0.0006575056
        7327.514724006874   0.0002787156
        7322.782737789803  -5.333467e-05
        7318.050897387733   0.0002151223
        7313.319202793874  -0.0007931767
        7308.587654001568  -0.0005032661
        7303.856251004026   0.0008521182
        7299.124993794524  -0.0005712246
        7294.393882366274  -0.0006039849
        7289.662916712618  -0.0003138912
        7284.932096826832  -0.0004928103
        7280.201422702127   0.0002181829
        7275.470894331712  -0.0003761559
        7270.740511708933   0.0001855175
        7266.010274826998   0.0003352169
        7261.280183679251   0.0005435702
        7256.550238258968  -0.0001134790
        7251.820438559292  -0.0001142622
        7247.090784573567  -0.0006722613
        7242.361276295004   0.0001118411
        7237.631913717013  -0.0005027739
        7232.902696832736   0.0001048938
        7228.173625635384  -0.0001603164
        7223.444700118434   0.0004694309
        7218.715920274962  -0.0003818309
        7213.987286098311   0.0009665012
        7209.258797581759  -0.0007510068
        7204.530454718513  -0.0003446213
        7199.802257501988  -0.0006286836
        7195.074205925324  -0.0008635873
        7190.346299981732   0.0001506889
        7185.618539664688  -0.0003771120
        7180.890924967270  -0.0008214174
        7176.163455882886  -0.0004953012
        7171.436132404749   0.0001408021
        7166.708954526133   0.0004257437
        7161.981922240315   0.0008477948
        7157.255035540573   0.0004361166
        7152.528294420184  -2.847239e-05
        7147.801698872490   0.0003500596
        7143.075248890567  -9.202117e-05
        7138.348944467894   0.0002833090
        7133.622785597681  -0.0004619129
        7128.896772273136   0.0008690238
        7124.170904487670   0.0002407606
        7119.445182234426   0.0003889638
        7114.719605506749   0.0003517875
        7109.994174297980  -0.0002612890
        7105.268888601197   0.0001302029
        7100.543748409877  -0.0006277451
        7095.818753717229  -3.065928e-05
        7091.093904516531   -0.001188048
        7086.369200801125   0.0002352023
        7081.644642564155   0.0001168156
        7076.920229799031    0.001773739
        7072.195962498963    0.001283775
        7067.471840657227  -0.0001498696
        7062.747864267169   0.0001645604
        7058.024033321930   0.0007217841
        7053.300347815053   0.0008368957
        7048.576807739616  -0.0002111527
        7043.853413088896  -0.0006904082
        7039.130163856234  -0.0006119993
        7034.407060034910   0.0003360921
        7029.684101618330   0.0006870170
        7024.961288599574   6.468008e-05
        7020.238620971985   0.0005622918
        7015.516098728972    0.001315854
        7010.793721863612   0.0005569431
        7006.071490369382  -2.367223e-06
        7001.349404239558   -0.001944049
        6996.627463467283  -0.0004262266
        6991.905668045969   -0.001103498
        6987.184017968825   -0.002543964
        6982.462513229193   -0.001209852
        6977.741153820419   -0.001651168
        6973.019939735644  -0.0003928902
        6968.298870968279  -0.0007853912
        6963.577947511533  -0.0006223808
        6958.857169358751  -0.0006812604
        6954.136536503276   1.532950e-05
        6949.416048938250   0.0004022567
        6944.695706657151   0.0005559081
        6939.975509653123   -0.001232081
        6935.255457919440   0.0003263463
        6930.535551449581  -0.0005895134
        6925.815790236622   0.0002788474
        6921.096174274040   0.0001640097
        6916.376703555111  -0.0007999330
        6911.657378072912  -8.080596e-05
        6906.938197820987    0.001052403
        6902.219162792611    0.002274469
        6897.500272980862   0.0003078590
        6892.781528379282  -0.0001106132
        6888.062928981019  -0.0009537440
        6883.344474779476   1.150298e-05
        6878.626165767934   0.0007299745
        6873.908001939535    0.001006156
        6869.189983287823  -0.0005494006
        6864.472109805875   0.0001808524
        6859.754381487167   0.0001711912
        6855.036798324908   4.644141e-05
        6850.319360312377    0.001350255
        6845.602067442982    0.001194765
        6840.884919709934    0.001316020
        6836.167917106509   -0.001657425
        6831.451059626117  -0.0003600247
        6826.734347261970   0.0006724067
        6822.017780007408  -0.0003564664
        6817.301357855777    0.001289644
        6812.585080800220  -0.0006924533
        6807.868948834279  -0.0001372896
        6803.152961951030   0.0005198003
        6798.437120143953    0.001246944
        6793.721423406256   0.0009181968
        6789.005871731281  -0.0001323273
        6784.290465112307  -3.122218e-05
        6779.575203542676  -0.0003684833
        6774.860087015732  -7.124904e-05
        6770.145115524684   0.0005691060
        6765.430289062876   5.327308e-05
        6760.715607623652  -0.0001447327
        6756.001071200287   -0.001354708
        6751.286679786059   -0.001902939
        6746.572433374378  -0.0008639792
        6741.858331958453  -0.0003224822
        6737.144375531629   -0.001080859
        6732.430564087314  -0.0002550126
        6727.716897618585   0.0004784113
        6723.003376119053  -0.0001556492
        6718.289999581728  -0.0005155349
        6713.576768000219   0.0007317807
        6708.863681367603  -0.0001967028
        6704.150739677290  -0.0005251920
        6699.437942922624  -0.0006638950
        6694.725291096814  -0.0001833004
        6690.012784193271   0.0003270879
        6685.300422205336  -0.0004984736
        6680.588205126156   -0.001094104
        6675.876132949271  -0.0005394833
        6671.164205667894   0.0003463343
        6666.452423275231  -0.0003678051
        6661.740785764762  -0.0003348560
        6657.029293129763  -0.0003940755
        6652.317945363509   0.0007343827
        6647.606742459346   0.0002703350
        6642.895684410615  -0.0002625059
        6638.184771210593  -0.0002577590
        6633.474002852558  -0.0009804334
        6628.763379329985  -0.0003282205
        6624.052900636085  -0.0008029992
        6619.342566764134  -0.0004711719
        6614.632377707609  -0.0002307017
        6609.922333459720  -1.365369e-05
        6605.212434013678    0.001588694
        6600.502679363090   0.0003278876
        6595.793069500970   0.0008033492
        6591.083604420924  -0.0003898001
        6586.374284116097   0.0005206720
        6581.665108579834  -0.0009197311
        6576.956077805542  -0.0002768403
        6572.247191786432  -0.0005951085
        6567.538450515915  -0.0004627391
        6562.829853987334   0.0003946716
        6558.121402193899  -0.0004489482
        6553.413095129085   0.0005739183
        6548.704932786037  -0.0002064042
        6543.996915158298  -6.887647e-05
        6539.289042239077   0.0008606804
        6534.581314021651   0.0003928383
        6529.873730499432   0.0005598703
        6525.166291665761   0.0008196234
        6520.458997513849  -0.0001558690
        6515.751848037170   -0.001185836
        6511.044843229004  -9.357062e-05
        6506.337983082694   9.920689e-05
        6501.631267591514  -0.0001817459
        6496.924696748811   0.0001778460
        6492.218270547925   0.0009772548
        6487.511988982268   0.0006751906
        6482.805852045049  -0.0001608079
        6478.099859729745  -0.0001296276
        6473.394012029498  -0.0005316977
        6468.688308937786  -0.0005605284
        6463.982750447954   0.0004747492
        6459.277336553140   0.0003777559
        6454.572067246960   0.0002007380
        6449.866942522553   3.695555e-05
        6445.161962373398  -0.0002265741
        6440.457126792703   0.0006892746
        6435.752435773813   0.0008426143
        6431.047889310137   0.0005846722
        6426.343487394953  -0.0008002585
        6421.639230021736  -0.0002938318
        6416.935117183630   0.0006902801
        6412.231148874043    0.001191911
        6407.527325086388   0.0001193180
        6402.823645813874  -0.0007575441
        6398.120111049977   -0.001539963
        6393.416720788040  -0.0003408675
        6388.713475021208  -0.0001902319
        6384.010373743022    0.001330465
        6379.307416946759   0.0006701772
        6374.604604625764   0.0004913387
        6369.901936773379   0.0008747741
        6365.199413382881   6.632883e-05
        6360.497034447681   0.0005265605
        6355.794799961185   -0.002982074
        6351.092709916607  -0.0007603113
        6346.390764307423  -0.0006422611
        6341.688963126841  -0.0004060245
        6336.987306368339  -0.0004322028
        6332.285794025127  -0.0005793225
