Scan:    134      F16504+0228 2010-05-03 +06 38 23.0
         OPTICAL                 Jy    
        km/s-BAR                 I
        8729.034122307559     -0.6011924
        8724.259273022280     -0.5691809
        8719.484571531182     -0.5499700
        8714.710017827341     -0.5493540
        8709.935611903966     -0.5296512
        8705.161353754000     -0.5006651
        8700.387243370855     -0.4762430
        8695.613280747473     -0.4338620
        8690.839465877065     -0.4040109
        8686.065798752777     -0.3714226
        8681.292279367681     -0.3428966
        8676.518907715057     -0.3454835
        8671.745683787916     -0.3201330
        8666.972607579466     -0.2412951
        8662.199679082853     -0.1622180
        8657.426898291153     -0.1330511
        8652.654265197571     -0.1420633
        8647.881779795192     -0.1331225
        8643.109442077290     -0.1088238
        8638.337252036874    -0.09351075
        8633.565209667155    -0.08082797
        8628.793314961342    -0.06732957
        8624.021567912381    -0.05213993
        8619.249968513614    -0.04936433
        8614.478516758052    -0.04084504
        8609.707212638970    -0.03319018
        8604.936056149381    -0.02734794
        8600.165047282628    -0.02410050
        8595.394186031652    -0.01916213
        8590.623472389667    -0.01648100
        8585.852906349879   -0.009329423
        8581.082487905369   -0.009741460
        8576.312217049344   -0.006807332
        8571.542093774948   -0.004442738
        8566.772118075261   -0.003184393
        8562.002289943557   0.0002509445
        8557.232609372846  -1.881102e-05
        8552.463076356475   -0.002127488
        8547.693690887316    0.001391031
        8542.924452958781   -0.004365077
        8538.155362563883   0.0003858469
        8533.386419695895  -0.0007805669
        8528.617624347829   -0.001407657
        8523.848976512896    0.001029181
        8519.080476184372   0.0009660579
        8514.312123355134    0.002913181
        8509.543918018659    0.003068352
        8504.775860167822    0.006398822
        8500.007949796036    0.003352556
        8495.240186896310    0.003858859
        8490.472571461720    0.003106747
        8485.705103485612    0.002708621
        8480.937782961062    0.002163352
        8476.170609881212   -0.002949815
        8471.403584239273   -0.002550275
        8466.636706028319   -0.002086796
        8461.869975241634   -0.001771162
        8457.103391872224   5.485685e-05
        8452.336955913430   0.0007421105
        8447.570667358266   -0.002434334
        8442.804526199943    0.001413880
        8438.038532431601   -0.001361396
        8433.272686046519  -0.0003065238
        8428.506987037772    0.001784388
        8423.741435398439   -0.003155983
        8418.976031121796   -0.003117753
        8414.210774200987   -0.001132097
        8409.445664629220   -0.002135704
        8404.680702399510  -0.0001107808
        8399.915887505264   0.0003106600
        8395.151219939424  -0.0002453201
        8390.386699695202  -0.0001890134
        8385.622326765941    0.001354953
        8380.858101144520  -0.0001221738
        8376.094022824414   0.0002216073
        8371.330091798500   -0.001307792
        8366.566308060188   -0.003597338
        8361.802671602487   -0.004333797
        8357.039182418677    0.001112277
        8352.275840501834   0.0001434518
        8347.512645845167   -0.006515165
        8342.749598441886   -0.001200015
        8337.986698285134   -0.001128804
        8333.223945368058   -0.003132625
        8328.461339683863  -0.0002365654
        8323.698881225697   -0.001215065
        8318.936569986769  -0.0004686659
        8314.174405960222    0.003768046
        8309.412389139266    0.002418844
        8304.650519516978   0.0005471097
        8299.888797086634   -0.001967504
        8295.127221841380  -0.0006229239
        8290.365793774425  -0.0001861094
        8285.604512878843    0.001358037
        8280.843379147915   -0.001680919
        8276.082392574783   -0.002011250
        8271.321553152591    0.001403474
        8266.560860874615    0.001762639
        8261.800315733932   -0.001398453
        8257.039917723750    0.001417063
        8252.279666837285  -5.035704e-07
        8247.519563067608   -0.001533701
        8242.759606408066  -0.0008633095
        8237.999796851667   -0.003177737
        8233.240134391757   -0.001137929
        8228.480619021411   -0.001897889
        8223.721250733839   0.0004090807
        8218.962029522185   0.0001046783
        8214.202955379660    0.001148806
        8209.444028299540   0.0007675238
        8204.685248274835  -8.751502e-05
        8199.926615298888  -0.0005610814
        8195.168129364711   -0.003300427
        8190.409790465646   -0.002601549
        8185.651598594837   0.0007124937
        8180.893553745427  -0.0001463899
        8176.135655910628   -0.001020526
        8171.377905083648   2.334665e-05
        8166.620301257631    0.002098483
        8161.862844425788    0.001284592
        8157.105534581327   0.0005405265
        8152.348371717396   -0.003211735
        8147.591355827201  -7.713596e-05
        8142.834486903954   0.0006127716
        8138.077764940796   0.0007581395
        8133.321189930941   0.0003836563
        8128.564761867530    0.001837035
        8123.808480743907    0.004371748
        8119.052346553150   0.0009693336
        8114.296359288401  -0.0007190102
        8109.540518942938    0.002100746
        8104.784825509902   -0.001543610
        8100.029278982506   -0.002963884
        8095.273879353959   0.0002726532
        8090.518626617471    0.002302331
        8085.763520766253    0.001442876
        8081.008561793315   -0.002136587
        8076.253749692132    0.004237793
        8071.499084455651  -0.0008984751
        8066.744566077212   -0.002684432
        8061.990194549960   -0.002566128
        8057.235969867172  -0.0009637201
        8052.481892021923    0.001023533
        8047.727961007427   0.0009420956
        8042.974176817024  -0.0005290126
        8038.220539443726    0.001949274
        8033.467048880875   -0.002384077
        8028.713705121550    0.001450127
        8023.960508159024    0.001302309
        8019.207457986512    0.003067960
        8014.454554597154   0.0008893590
        8009.701797984229  -0.0006364054
        8004.949188140811    0.002014974
        8000.196725060247    0.003995964
        7995.444408735611   0.0007582380
        7990.692239160248    0.001259884
        7985.940216327234  -0.0009369143
        7981.188340229780    0.001753376
        7976.436610861228    0.001039723
        7971.685028214590   0.0003297362
        7966.933592283208    0.004694216
        7962.182303060226    0.002040906
        7957.431160538854   -0.001967879
        7952.680164712369    0.002618439
        7947.929315573849    0.004419151
        7943.178613116569    0.003550564
        7938.428057333739    0.001764225
        7933.677648218637    0.001450023
        7928.927385764273    0.003185215
        7924.177269964057    0.002152445
        7919.427300811132    0.002877407
        7914.677478298641    0.004061783
        7909.927802419929   0.0006806258
        7905.178273168006   -0.003280635
        7900.428890536281   -0.001845721
        7895.679654517899    0.002690694
        7890.930565106000    0.002294360
        7886.181622293932  -0.0008495059
        7881.432826074702   -0.001124606
        7876.684176441789    0.002153899
        7871.935673388135   -0.001367381
        7867.187316907150   -0.001674811
        7862.439106991977    0.001814644
        7857.691043635828   0.0005810806
        7852.943126831912   0.0001806223
        7848.195356573440   2.166094e-05
        7843.447732853688   -0.001922283
        7838.700255665799   -0.001567860
        7833.952925003050  -0.0001996825
        7829.205740858519   0.0006708858
        7824.458703225615    0.003618286
        7819.711812097481    0.002372736
        7814.965067467262  -0.0005507331
        7810.218469328301   0.0009505837
        7805.472017673674  -0.0005665853
        7800.725712496791    0.003701909
        7795.979553790663   0.0008213664
        7791.233541548634   -0.002142053
        7786.487675763912   0.0001928316
        7781.741956429642   -0.003137178
        7776.996383539235   -0.004147418
        7772.250957085632   0.0008499281
        7767.505677062311   -0.002885208
        7762.760543462283  -0.0007987149
        7758.015556278957    0.002087414
        7753.270715505543   -0.002386909
        7748.526021135051   -0.004312321
        7743.781473160960   -0.005368551
        7739.037071576277   -0.007694221
        7734.292816374481   -0.006031786
        7729.548707548515   -0.002540875
        7724.804745091855   -0.001115953
        7720.060928997577  -0.0003461929
        7715.317259258894   -0.002430016
        7710.573735869147   -0.004797623
        7705.830358821479   -0.003970745
        7701.087128109170   -0.004639700
        7696.344043725361   -0.005563657
        7691.601105663395   -0.004986995
        7686.858313916417   -0.007384838
        7682.115668477637    -0.01072912
        7677.373169340463   -0.006367958
        7672.630816497841   -0.007379493
        7667.888609943247   -0.007502587
        7663.146549669823   -0.003364651
        7658.404635670781   -0.007315754
        7653.662867939397   -0.006374575
        7648.921246468814   -0.004843267
        7644.179771252376   -0.001886789
        7639.438442283227   -0.001100266
        7634.697259554709   -0.001597792
        7629.956223059900   -0.003745347
        7625.215332792210   -0.004651629
        7620.474588744781   -0.001153466
        7615.733990910825   -0.001128218
        7610.993539283618   -0.003169551
        7606.253233856370   -0.004755080
        7601.513074622358  -0.0003863865
        7596.773061574723   -0.003982449
        7592.033194706880   -0.002476217
        7587.293474011902   -0.004329301
        7582.553899483134   -0.004725415
        7577.814471113718   -0.004716858
        7573.075188896933   -0.006749148
        7568.336052826119   -0.006215732
        7563.597062894291   -0.007930718
        7558.858219094921   -0.005927071
        7554.119521421155   -0.005538740
        7549.380969866203   -0.007083966
        7544.642564423340   -0.007501071
        7539.904305085777   -0.008831844
        7535.166191846860   -0.005753735
        7530.428224699661   -0.008592853
        7525.690403637594   -0.005612341
        7520.952728653800   -0.003338521
        7516.215199741559   -0.005459590
        7511.477816894077   -0.007482689
        7506.740580104632   -0.004203843
        7502.003489366502   -0.005266548
        7497.266544672831   -0.002876915
        7492.529746017027   -0.006118366
        7487.793093392233   -0.006118226
        7483.056586791596   -0.005441117
        7478.320226208588   -0.004265090
        7473.584011636222   -0.008144576
        7468.847943067975   -0.009183187
        7464.112020496924   -0.006674120
        7459.376243916409   -0.006178168
        7454.640613319644   -0.004814579
        7449.905128699904   -0.006370723
        7445.169790050399   -0.008482296
        7440.434597364405   -0.008868964
        7435.699550635135   -0.009628541
        7430.964649855930   -0.006601457
        7426.229895019933    -0.01484707
        7421.495286120556    -0.01331723
        7416.760823150807    -0.01422736
        7412.026506104165    -0.01395183
        7407.292334973771    -0.01406071
        7402.558309752970    -0.01588874
        7397.824430434839    -0.01921888
        7393.090697012853    -0.01625565
        7388.357109480156    -0.01395112
        7383.623667829894    -0.01180167
        7378.890372055541    -0.01451759
        7374.157222150240    -0.01756555
        7369.424218107270    -0.02197479
        7364.691359919771    -0.02177073
        7359.958647581223    -0.01929902
        7355.226081084769    -0.02165012
        7350.493660423618    -0.02419849
        7345.761385591113    -0.02248713
        7341.029256580466    -0.02364613
        7336.297273384951    -0.02168490
        7331.565435997781    -0.02420170
        7326.833744412364    -0.02622980
        7322.102198621777    -0.02224470
        7317.370798619363    -0.02066788
        7312.639544398468    -0.02289119
        7307.908435952166    -0.02387653
        7303.177473273935    -0.02099850
        7298.446656356850    -0.02261250
        7293.715985194323    -0.02214078
        7288.985459779498    -0.02122287
        7284.255080105716    -0.02267757
        7279.524846166255    -0.02146243
        7274.794757954259    -0.02211028
        7270.064815463136    -0.02257464
        7265.335018686031    -0.02427910
        7260.605367616355    -0.02063962
        7255.875862247248    -0.01842420
        7251.146502572057    -0.02053331
        7246.417288583990    -0.01990303
        7241.688220276325    -0.02048980
        7236.959297642404    -0.02146386
        7232.230520675371    -0.01668025
        7227.501889368636    -0.01713778
        7222.773403715342    -0.01754618
        7218.045063708834    -0.01662277
        7213.316869342387    -0.01638575
        7208.588820609212    -0.01630196
        7203.860917502651    -0.01692175
        7199.133160015849    -0.01746269
        7194.405548142282    -0.01492405
        7189.678081875093    -0.01116952
        7184.950761207493    -0.01089667
        7180.223586132958    -0.01476428
        7175.496556644565    -0.01180098
        7170.769672735723   -0.008694215
        7166.042934399577    -0.01108672
        7161.316341629471    -0.01031955
        7156.589894418747    -0.01290066
        7151.863592760613    -0.01158581
        7147.137436648349    -0.01067452
        7142.411426075163    -0.01444572
        7137.685561034466    -0.01059378
        7132.959841519469    -0.01201363
        7128.234267523446    -0.01244309
        7123.508839039743    -0.01394496
        7118.783556061502    -0.01091032
        7114.058418582067    -0.01027908
        7109.333426594781   -0.006041167
        7104.608580092854   -0.007205987
        7099.883879069563   -0.008560976
        7095.159323518317   -0.007311417
        7090.434913432127   -0.005137558
        7085.710648804603   -0.002647878
        7080.986529628823   -0.005498339
        7076.262555898060   -0.003958296
        7071.538727605727   -0.002223639
        7066.815044744901   -0.007162232
        7062.091507309123   -0.003023555
        7057.368115291471   -0.002478334
        7052.644868685424   -0.002802664
        7047.921767484054  -0.0002120706
        7043.198811680774  -0.0003660844
        7038.476001268860    0.003177493
        7033.753336241522   0.0008354536
        7029.030816592171   -0.001464820
        7024.308442313950    0.001359417
        7019.586213400333    0.002043118
        7014.864129844467  -0.0004280584
        7010.142191639560   0.0007326680
        7005.420398779157   0.0002515101
        7000.698751256333    0.001237872
        6995.977249064497  -0.0007060655
        6991.255892196797  -0.0006475436
        6986.534680646704    0.003135728
        6981.813614407432    0.002755958
        6977.092693472256   0.0006277139
        6972.371917834454    0.002693101
        6967.651287487300    0.003516120
        6962.930802424207    0.004553342
        6958.210462638317    0.003330095
        6953.490268123106    0.007062474
        6948.770218871718    0.005982677
        6944.050314877430    0.002215755
        6939.330556133586    0.006074764
        6934.610942633527    0.002330366
        6929.891474370533    0.006676177
        6925.172151337811    0.002907037
        6920.452973528772    0.007532921
        6915.733940936692    0.009570977
        6911.015053554783    0.004797903
        6906.296311376454    0.004874726
        6901.577714394847    0.001727605
        6896.859262603441    0.001909411
        6892.140955995445  -9.512733e-05
        6887.422794564201    0.002012418
        6882.704778302988  -0.0004167059
        6877.986907205013  -8.577778e-05
        6873.269181263689    0.001753616
        6868.551600472292  -0.0001616617
        6863.834164824165    0.003398257
        6859.116874312516   -0.003281936
        6854.399728930692    0.002715840
        6849.682728672034   0.0006191250
        6844.965873529752    0.005625605
        6840.249163497323    0.002473356
        6835.532598567825    0.003009771
        6830.816178734733    0.002184895
        6826.099903991189   -0.001522950
        6821.383774330674   -0.003338910
        6816.667789746461    0.002300631
        6811.951950231762    0.001598851
        6807.236255779985   0.0009648793
        6802.520706384275   -0.004507148
        6797.805302038174   0.0009041876
        6793.090042734761    0.003041347
        6788.374928467576    0.002916199
        6783.659959229698    0.001335081
        6778.945135014536   0.0007470418
        6774.230455815502   -0.001859997
        6769.515921625736   0.0006350462
        6764.801532438584   -0.001617966
        6760.087288247455   -0.001920670
        6755.373189045558  -0.0009015793
        6750.659234826305   -0.002180233
        6745.945425582839   6.008824e-05
        6741.231761308701  -0.0006662043
        6736.518241996969  -0.0003974426
        6731.804867641121    0.002283039
        6727.091638234366    0.002010457
        6722.378553770112   -0.002223622
        6717.665614241640   -0.003828411
        6712.952819642222  -0.0008673178
        6708.240169965272  -0.0002602198
        6703.527665203931   0.0006092691
        6698.815305351675    0.001903368
        6694.103090401783  -0.0005683911
        6689.391020347529  -5.792322e-06
        6684.679095182326   -0.003330559
        6679.967314899314  -2.366559e-05
        6675.255679491973   -0.003201556
        6670.544188953577   -0.003791422
        6665.832843277403   -0.002988967
        6661.121642456796   -0.003120332
        6656.410586485164    0.003660023
        6651.699675355652    0.002716656
        6646.988909061735   -0.001185943
        6642.278287596625   -0.003223653
        6637.567810953664   -0.001087512
        6632.857479126261   -0.001548598
        6628.147292107627    0.001106029
        6623.437249891173  -0.0001187864
        6618.727352470240    0.002324068
        6614.017599837973   -0.003132017
        6609.307991987915   -0.001081524
        6604.598528913210   1.487279e-05
        6599.889210607266  -0.0004988990
        6595.180037063428   -0.001266654
        6590.471008275039    0.002577350
        6585.762124235375   -0.001994083
        6581.053384937713    0.001392853
        6576.344790375463  -0.0004719530
        6571.636340541902  -0.0002860622
        6566.928035430439  -0.0005661264
        6562.219875034285   -0.005051753
        6557.511859346849  -0.0008876413
        6552.803988361474    0.001507269
        6548.096262071439   -0.002539621
        6543.388680470085   -0.001214234
        6538.681243550689  -0.0002504002
        6533.973951306729    0.001295571
        6529.266803731345   0.0001762168
        6524.559800818019    0.001889119
        6519.852942560022    0.002889168
        6515.146228950701   0.0004062009
        6510.439659983397   -0.001039912
        6505.733235651322  -0.0001202087
        6501.026955948018    0.001378561
        6496.320820866695    0.001788595
        6491.614830400696   0.0007588600
        6486.908984543365   0.0006589100
        6482.203283288047    0.006243004
        6477.497726628081   0.0002969086
        6472.792314556681   -0.001982445
        6468.087047067387   0.0008422821
        6463.381924153412    0.002300979
        6458.676945808163    0.001863468
        6453.972112024919   0.0004023962
        6449.267422796956    0.004659616
        6444.562878117749    0.001908465
        6439.858477980511    0.001310866
        6435.154222378716    0.005431439
        6430.450111305575    0.002689433
        6425.746144754565    0.001887277
        6421.042322718894    0.001612443
        6416.338645191907   -0.003445451
        6411.635112167080  -0.0005458284
        6406.931723637625    0.001028053
        6402.228479596882    0.001119758
        6397.525380038262   0.0009171116
        6392.822424955110    0.002204058
        6388.119614340767   0.0008169345
        6383.416948188444   0.0007621491
        6378.714426491684    0.003775105
        6374.012049243698    0.001962509
        6369.309816437827   -0.001240427
        6364.607728067484   -0.002302168
        6359.905784126009   -0.003043180
        6355.203984606747   -0.001936809
        6350.502329502976   -0.001047346
        6345.800818808169   -0.002916289
        6341.099452515473   0.0001093150
        6336.398230618428   -0.001677941
        6331.697153110314    0.001001035
        6326.996219984470   -0.001920153
        6322.295431234244   -0.002929404
        6317.594786852976  -6.725317e-05
        6312.894286834009   -0.001840859
        6308.193931170755   0.0006920733
        6303.493719856557    0.001059733
        6298.793652884624   -0.002828569
        6294.093730248500  -0.0009897066
        6289.393951941460    0.002376082
        6284.694317956782   -0.001360135
        6279.994828287943   -0.003566834
        6275.295482928153  -0.0006939432
        6270.596281870953  -0.0002628410
        6265.897225109487  -7.452675e-05
        6261.198312637302   -0.003294558
        6256.499544447669   -0.007081724
        6251.800920533869  -0.0009622102
        6247.102440889375   0.0003348837
        6242.404105507466   -0.003849696
        6237.705914381551   -0.002596768
        6233.007867504909    0.001300777
        6228.309964871012    0.001275664
        6223.612206473140   -0.002293015
        6218.914592304569   0.0001797897
        6214.217122358841    0.001621374
        6209.519796629234  -0.0004253774
        6204.822615109090    0.001389769
        6200.125577791688    0.001086050
        6195.428684670568   -0.001372352
        6190.731935739009    0.001204894
        6186.035330990286   -0.003196385
        6181.338870417943    0.002816099
        6176.642554015123    0.001457582
        6171.946381775369   -0.002083807
        6167.250353691893   -0.001700270
        6162.554469758169    0.001516285
        6157.858729967607   0.0005580544
        6153.163134313352   0.0003637894
        6148.467682789013   8.620724e-05
        6143.772375387800    0.005178790
        6139.077212103122    0.005268129
        6134.382192928323  -0.0003680412
        6129.687317856814    0.001753838
        6124.992586882003   -0.001512296
        6120.297999997100   -0.002665112
        6115.603557195584   -0.001319603
        6110.909258470795   -0.004410767
        6106.215103816146   -0.001634911
        6101.521093224910   -0.001037192
        6096.827226690566   -0.005561504
        6092.133504206391   -0.003870252
        6087.439925765794   -0.004693165
        6082.746491362117   -0.001860196
        6078.053200988772   -0.004306665
        6073.360054639102   -0.003147546
        6068.667052306449   -0.004490091
        6063.974193984290   -0.008176182
        6059.281479665901   -0.009108925
        6054.588909344695   -0.006504670
        6049.896483014011   -0.008120745
        6045.204200667195   -0.009601045
        6040.512062297720    -0.01103784
        6035.820067898869    -0.01492911
        6031.128217464046    -0.01515026
        6026.436510986662    -0.01789151
        6021.744948460063    -0.01735911
        6017.053529877590    -0.01952007
        6012.362255232653    -0.02174426
        6007.671124518663    -0.02490760
        6002.980137728895    -0.03079310
        5998.289294856826    -0.03352850
        5993.598595895800    -0.03570367
        5988.908040839160    -0.03968585
        5984.217629680315    -0.04162405
        5979.527362412609    -0.04234957
        5974.837239029519    -0.04615412
        5970.147259524320    -0.04620438
        5965.457423890490    -0.05009734
        5960.767732121306    -0.04923278
