Scan:     24      F17132+5313 2010-05-22 +10 46 37.0
         OPTICAL                 Jy    
        km/s-BAR                 I
        16730.96864707043    -0.05770631
        16725.94267777021    -0.04879813
        16720.91686807885    -0.05020989
        16715.89121798872    -0.04947707
        16710.86572749216    -0.05297986
        16705.84039658164    -0.04400352
        16700.81522524957    -0.04217989
        16695.79021348830    -0.04556916
        16690.76536129018    -0.04908451
        16685.74066864774    -0.04147733
        16680.71613555334    -0.03094274
        16675.69176199932    -0.02894993
        16670.66754797809    -0.03120827
        16665.64349348212    -0.02416319
        16660.61959850377    -0.02226524
        16655.59586303544    -0.02261209
        16650.57228706955    -0.01717796
        16645.54887059850    -0.01564002
        16640.52561361471    -0.01326044
        16635.50251611053    -0.01065045
        16630.47957807842    -0.01076874
        16625.45679951074   -0.009985052
        16620.43418039989   -0.007413564
        16615.41172073836   -0.006458440
        16610.38942051849   -0.004424827
        16605.36727973269   -0.004516129
        16600.34529837337   -0.003602406
        16595.32347643301   -0.003623239
        16590.30181390388   -0.002513085
        16585.28031077848   -0.001561179
        16580.25896704920   0.0002309696
        16575.23778270852  -0.0004469112
        16570.21675774873  -8.198094e-05
        16565.19589216230   0.0001050429
        16560.17518594171   -0.001695140
        16555.15463907924  -0.0002119271
        16550.13425156742    0.001103313
        16545.11402339862    0.002599014
        16540.09395456516  -0.0004691627
        16535.07404505960  -0.0001518590
        16530.05429487435   0.0001278988
        16525.03470400168  -0.0006649992
        16520.01527243414  -0.0006236221
        16514.99600016408    0.001336406
        16509.97688718397  -0.0004989134
        16504.95793348622  -0.0006764256
        16499.93913906318    0.001507862
        16494.92050390733  -0.0001500446
        16489.90202801107    0.001307809
        16484.88371136682    0.001958272
        16479.86555396700  -0.0005314676
        16474.84755580400  -0.0001883360
        16469.82971687031   0.0007072541
        16464.81203715835  -0.0009731508
        16459.79451666045   0.0001597589
        16454.77715536909   0.0006993871
        16449.75995327669    0.001024443
        16444.74291037572   0.0001759530
        16439.72602665853   0.0002523073
        16434.70930211753   0.0007083014
        16429.69273674519  -0.0009183129
        16424.67633053393   -0.001984160
        16419.66008347623  -0.0009946063
        16414.64399556442  -0.0002636453
        16409.62806679100   0.0001872868
        16404.61229714837  -0.0005867667
        16399.59668662893  -0.0006364560
        16394.58123522518   -0.001060553
        16389.56594292945   0.0002499123
        16384.55080973422    0.001402971
        16379.53583563197  -0.0002538874
        16374.52102061505   -0.001998954
        16369.50636467586   -0.001784899
        16364.49186780695   -0.001213534
        16359.47753000067   0.0004593522
        16354.46335124949  -0.0007029168
        16349.44933154582   3.530467e-05
        16344.43547088208  -0.0005110734
        16339.42176925074   0.0007930286
        16334.40822664422   0.0005937001
        16329.39484305492   -0.001899015
        16324.38161847533    0.001270904
        16319.36855289785   0.0003392958
        16314.35564631490   0.0002638364
        16309.34289871902   9.343679e-05
        16304.33031010248   -0.001183562
        16299.31788045785   -0.001860572
        16294.30560977751   -0.001224616
        16289.29349805390  -0.0008102251
        16284.28154527947  -0.0001911162
        16279.26975144666   0.0002429076
        16274.25811654779  -0.0006153401
        16269.24664057555   9.695790e-05
        16264.23532352222  -0.0001435011
        16259.22416538027    0.001328354
        16254.21316614219  -0.0008752340
        16249.20232580030   0.0008193846
        16244.19164434711   0.0008033233
        16239.18112177515   0.0008381769
        16234.17075807669   0.0002236401
        16229.16055324428   0.0004589439
        16224.15050727040   0.0009130421
        16219.14062014740   0.0001340959
        16214.13089186774  -0.0009252482
        16209.12132242392   0.0002405903
        16204.11191180841   0.0007283361
        16199.10266001355   0.0002398697
        16194.09356703182  -0.0001951507
        16189.08463285576  -0.0004987104
        16184.07585747766  -0.0003434602
        16179.06724089012   0.0005665335
        16174.05878308550  -0.0005894383
        16169.05048405632  -0.0003973400
        16164.04234379494   0.0007293860
        16159.03436229391   -0.001698120
        16154.02653954557    0.002221835
        16149.01887554245    0.001052378
        16144.01137027698    0.001501512
        16139.00402374157    0.001705983
        16133.99683592882   0.0009842085
        16128.98980683101  -0.0009350419
        16123.98293644056   0.0005044820
        16118.97622475014  -1.525052e-06
        16113.96967175210   0.0004571400
        16108.96327743885   -0.002304949
        16103.95704180293   0.0005075199
        16098.95096483676    0.001930346
        16093.94504653274  -0.0007933151
        16088.93928688336  -0.0006142946
        16083.93368588115  -0.0009010786
        16078.92824351847  -0.0006686777
        16073.92295978779   5.498353e-05
        16068.91783468165  -0.0004091702
        16063.91286819247  -0.0001845675
        16058.90806031266   0.0003934794
        16053.90341103470    0.001790838
        16048.89892035106   6.195357e-07
        16043.89458825428   -0.001210237
        16038.89041473666   -0.001129712
        16033.88639979086  -0.0003170309
        16028.88254340916   -0.001017809
        16023.87884558411   0.0007544752
        16018.87530630818    0.001869038
        16013.87192557379    0.001527591
        16008.86870337348   0.0007117550
        16003.86563969959   6.927179e-05
        15998.86273454474   0.0006445090
        15993.85998790127  -1.680271e-05
        15988.85739976173  -0.0003052835
        15983.85497011859    0.002748809
        15978.85269896420   0.0001049204
        15973.85058629117   0.0001321988
        15968.84863209184  -0.0007180251
        15963.84683635876  -0.0003113769
        15958.84519908448   0.0007824008
        15953.84372026126  -0.0009118083
        15948.84239988180  -0.0002251662
        15943.84123793836   -0.001692315
        15938.84023442362   -0.001108659
        15933.83938932987    0.001138938
        15928.83870264965   0.0001301060
        15923.83817437543   0.0007480972
        15918.83780449976  -0.0003611474
        15913.83759301498    0.001026566
        15908.83753991364   -0.001379269
        15903.83764518822   -0.001831051
        15898.83790883119  -0.0005160316
        15893.83833083497   0.0003831088
        15888.83891119217   0.0009735692
        15883.83964989506   7.733135e-06
        15878.84054693633   -0.001319704
        15873.84160230831   0.0004991136
        15868.84281600355  -0.0002380540
        15863.84418801453   0.0005470748
        15858.84571833374    0.003023472
        15853.84740695357   0.0002180533
        15848.84925386657   4.255970e-05
        15843.85125906523   0.0004435268
        15838.85342254194  -0.0009753013
        15833.85574428933   0.0001952058
        15828.85822429975  -0.0002337012
        15823.86086256579    0.001727622
        15818.86365907980    0.001207185
        15813.86661383440   0.0007522188
        15808.86972682199   -0.001134922
        15803.87299803513   -0.001920233
        15798.87642746622  -0.0004698391
        15793.88001510781   0.0002232788
        15788.88376095237  -0.0007321899
        15783.88766499231  -0.0006665929
        15778.89172722026  -0.0008990260
        15773.89594762855  -0.0003330330
        15768.90032620978  -0.0004274954
        15763.90486295646  -0.0007091707
        15758.90955786090   -0.002692033
        15753.91441091580  -7.629571e-05
        15748.91942211357   -0.001024834
        15743.92459144667  -0.0007941864
        15738.92991890760  -0.0004153914
        15733.93540448882  -0.0006029741
        15728.94104818295   -0.001490750
        15723.94684998234   0.0001392450
        15718.95280987953  -0.0004886710
        15713.95892786706   0.0009287532
        15708.96520393741   0.0004357666
        15703.97163808299   0.0002804419
        15698.97823029635    0.001790568
        15693.98498057003    0.001564556
        15688.99188889644    0.002225686
        15683.99895526813   0.0001162347
        15679.00617967764    0.001233804
        15674.01356211738   0.0001051786
        15669.02110257984  -0.0004288689
        15664.02880105755    0.001411536
        15659.03665754306    0.002173480
        15654.04467202878    0.001564118
        15649.05284450732  -0.0006691906
        15644.06117497109   0.0008511784
        15639.06966341258  -0.0007551759
        15634.07830982438  -0.0003826616
        15629.08711419886  -0.0004103424
        15624.09607652868  -0.0003641572
        15619.10519680618  -0.0003549530
        15614.11447502399    0.001052309
        15609.12391117451   -0.001378054
        15604.13350525035   0.0004512740
        15599.14325724393   0.0006833633
        15594.15316714785  -0.0001032590
        15589.16323495446  -0.0005756651
        15584.17346065637  -0.0009648029
        15579.18384424613  -0.0009220596
        15574.19438571614   -0.001085052
        15569.20508505896  -0.0008179740
        15564.21594226712    0.001430962
        15559.22695733304   0.0003361376
        15554.23813024932   -0.001762629
        15549.24946100845  -0.0009277259
        15544.26094960290  -0.0003146936
        15539.27259602522  -0.0002745027
        15534.28440026789   -0.001147407
        15529.29636232338  -0.0002460807
        15524.30848218438   0.0001732782
        15519.32075984315    0.003220016
        15514.33319529238    0.004469582
        15509.34578852448    0.005621405
        15504.35853953212    0.004055940
        15499.37144830766    0.004426390
        15494.38451484363    0.003953333
        15489.39773913258    0.005667786
        15484.41112116706    0.005604387
        15479.42466093954    0.007472187
        15474.43835844249    0.007289304
        15469.45221366854    0.007911678
        15464.46622661009    0.008379937
        15459.48039725976    0.006404195
        15454.49472561002    0.007783127
        15449.50921165334    0.007642302
        15444.52385538228    0.006100939
        15439.53865678938    0.004644989
        15434.55361586718    0.004453406
        15429.56873260816    0.004661454
        15424.58400700480    0.003539294
        15419.59943904971    0.004795173
        15414.61502873530    0.005678268
        15409.63077605418    0.005845553
        15404.64668099890    0.006898444
        15399.66274356186    0.005700700
        15394.67896373576    0.005783204
        15389.69534151292    0.006698468
        15384.71187688603    0.008709637
        15379.72856984749    0.006671364
        15374.74542038993    0.008005746
        15369.76242850582    0.007872223
        15364.77959418769    0.008179504
        15359.79691742797    0.007385489
        15354.81439821941    0.006162967
        15349.83203655439    0.005792538
        15344.84983242549    0.005669395
        15339.86778582522    0.005760351
        15334.88589674609    0.006095774
        15329.90416518063    0.006148987
        15324.92259112138    0.004214528
        15319.94117456082    0.004876625
        15314.95991549164    0.003813948
        15309.97881390617    0.005492504
        15304.99786979709    0.005487729
        15300.01708315688    0.005236398
        15295.03645397802    0.005835816
        15290.05598225312    0.004686619
        15285.07566797473    0.004226027
        15280.09551113532    0.003377564
        15275.11551172743    0.003463539
        15270.13566974361   0.0005927507
        15265.15598517641    0.004917613
        15260.17645801837    0.004377303
        15255.19708826197    0.003318727
        15250.21787589982    0.005554550
        15245.23882092439    0.005888992
        15240.25992332830    0.004949892
        15235.28118310396    0.004057016
        15230.30260024404    0.004302763
        15225.32417474103    0.006313150
        15220.34590658747    0.006465175
        15215.36779577590    0.006693085
        15210.38984229881    0.004431257
        15205.41204614886    0.004971871
        15200.43440731847    0.005101248
        15195.45692580026    0.006017291
        15190.47960158676    0.006936582
        15185.50243467052    0.005632594
        15180.52542504402    0.006670284
        15175.54857269986    0.005683519
        15170.57187763053    0.003971724
        15165.59533982871    0.001519307
        15160.61895928681    0.003586958
        15155.64273599743    0.005390241
        15150.66666995306    0.004510414
        15145.69076114630    0.003664861
        15140.71500956970    0.004034433
        15135.73941521587    0.002402536
        15130.76397807716    0.004350749
        15125.78869814631    0.003590256
        15120.81357541580    0.003647915
        15115.83860987824    0.002728130
        15110.86380152604    0.001516400
        15105.88915035187    0.003993049
        15100.91465634822    0.002587514
        15095.94031950770    0.002932166
        15090.96613982279    0.003219527
        15085.99211728615    0.003317003
        15081.01825189021    0.003104530
        15076.04454362758    0.001545289
        15071.07099249079    0.002636779
        15066.09759847247    0.002236094
        15061.12436156508    0.001265585
        15056.15128176118    0.002093198
        15051.17835905343    0.003331747
        15046.20559343426    0.001680954
        15041.23298489634    0.001812786
        15036.26053343214   0.0004623742
        15031.28823903429   0.0008001869
        15026.31610169531   0.0005501680
        15021.34412140770    0.001563684
        15016.37229816412   0.0003081039
        15011.40063195706   -0.002267945
        15006.42912277913   -0.001703418
        15001.45777062287   -0.001465004
        14996.48657548082  -0.0002389528
        14991.51553734554   0.0001365466
        14986.54465620962   9.035622e-06
        14981.57393206562   0.0007674815
        14976.60336490615   -0.001617842
        14971.63295472369   0.0001443518
        14966.66270151077   0.0005655852
        14961.69260526008   0.0004321570
        14956.72266596410  -0.0007296760
        14951.75288361543  -0.0002287834
        14946.78325820662   0.0002988243
        14941.81378973022  -0.0003711671
        14936.84447817883  -0.0008196577
        14931.87532354500    0.001040239
        14926.90632582128   -0.001313866
        14921.93748500027  -0.0001818717
        14916.96880107452  -0.0009963857
        14912.00027403665   -0.001427438
        14907.03190387912   0.0006771542
        14902.06369059456   -0.001332065
        14897.09563417563   5.874850e-05
        14892.12773461475  -7.920040e-05
        14887.15999190460   -0.001223412
        14882.19240603765   0.0002025104
        14877.22497700658   3.015399e-05
        14872.25770480388   0.0002781922
        14867.29058942221   8.799991e-05
        14862.32363085406   4.555242e-05
        14857.35682909204   0.0008956504
        14852.39018412875   0.0002642001
        14847.42369595667    0.001581736
        14842.45736456849   -0.001836752
        14837.49118995669   0.0007490154
        14832.52517211393   0.0008332440
        14827.55931103276   0.0006519867
        14822.59360670573   0.0007707879
        14817.62805912545   0.0006875796
        14812.66266828447    0.001088383
        14807.69743417538  -0.0004991160
        14802.73235679075  -0.0007656628
        14797.76743612324  -0.0004031591
        14792.80267216527   0.0006550690
        14787.83806490958  -0.0004479666
        14782.87361434865  -0.0005788366
        14777.90932047509    0.001163206
        14772.94518328151    0.001052790
        14767.98120276046  -0.0006974564
        14763.01737890448   0.0008027062
        14758.05371170624    0.001487338
        14753.09020115831   0.0007577720
        14748.12684725320   0.0004797155
        14743.16364998361   0.0003131082
        14738.20060934208   -0.001050187
        14733.23772532116   0.0004037567
        14728.27499791345   0.0003622664
        14723.31242711156   0.0001419820
        14718.35001290805  -0.0001948590
        14713.38775529551  -0.0007644360
        14708.42565426657  -0.0002278183
        14703.46370981376    0.001361945
        14698.50192192964    0.001618520
        14693.54029060694    0.001147615
        14688.57881583814  -0.0005708180
        14683.61749761586    0.001026616
        14678.65633593264    0.002152111
        14673.69533078115   0.0003651041
        14668.73448215401   0.0008631268
        14663.77379004370   0.0002024096
        14658.81325444282   0.0001333871
        14653.85287534405   0.0003897950
        14648.89265273994  -0.0004912338
        14643.93258662311   -0.001743481
        14638.97267698608   0.0007841961
        14634.01292382155  -0.0003939240
        14629.05332712199   -0.002301340
        14624.09388688014   0.0001689109
        14619.13460308848  -0.0002930592
        14614.17547573969   0.0005398578
        14609.21650482631  -0.0004331238
        14604.25769034090   0.0004769914
        14599.29903227611   0.0009520549
        14594.34053062464  -0.0001890468
        14589.38218537896    0.001436358
        14584.42399653169  -0.0006544808
        14579.46596407542   -0.001710087
        14574.50808800285  -0.0006014309
        14569.55036830644   0.0009037404
        14564.59280497888  -9.669307e-06
        14559.63539801278   0.0002326688
        14554.67814740068  -0.0005146458
        14549.72105313519  -0.0004181493
        14544.76411520899   0.0009540033
        14539.80733361463  -0.0001455438
        14534.85070834471  -0.0001853723
        14529.89423939179   -0.003354569
        14524.93792674859   -0.001393197
        14519.98177040761  -0.0007400131
        14515.02577036152  -0.0002046613
        14510.06992660293  -0.0006425261
        14505.11423912445  -0.0001674923
        14500.15870791856    0.001702543
        14495.20333297807  -0.0008148292
        14490.24811429546   0.0004237916
        14485.29305186334  -0.0004862941
        14480.33814567439   0.0003460601
        14475.38339572115   -0.001181695
        14470.42880199623   -0.001381347
        14465.47436449231  -0.0008615262
        14460.52008320200  -6.097627e-05
        14455.56595811778   -0.001675264
        14450.61198923239   3.646201e-05
        14445.65817653845   -0.001821958
        14440.70452002850   -0.002346796
        14435.75101969521  -0.0009135442
        14430.79767553113  -0.0001162900
        14425.84448752895  -0.0005382461
        14420.89145568126  -0.0001130980
        14415.93857998061   -0.001375847
        14410.98586041976    0.001398406
        14406.03329699116   0.0009846478
        14401.08088968752    0.001189933
        14396.12863850149   0.0009931928
        14391.17654342563   0.0009094276
        14386.22460445255  -4.521453e-05
        14381.27282157485   0.0007788939
        14376.32119478521   0.0001227980
        14371.36972407626   6.737364e-05
        14366.41840944059  -0.0003009669
        14361.46725087082   0.0009252656
        14356.51624835956  -0.0005243259
        14351.56540189942    0.001837945
        14346.61471148308   -0.001022774
        14341.66417710314   -0.001271128
        14336.71379875216   -0.001359081
        14331.76357642288   1.307178e-05
        14326.81351010784   0.0007274999
        14321.86359979965    0.001999425
        14316.91384549100    0.001964238
        14311.96424717442    0.002372769
        14307.01480484265    0.001042306
        14302.06551848825   0.0003427872
        14297.11638810383   -0.001122499
        14292.16741368213  -0.0006813261
        14287.21859521568   0.0007871344
        14282.26993269712  -0.0003165000
        14277.32142611904   0.0002562056
        14272.37307547418    0.001234737
        14267.42488075504    0.001448384
        14262.47684195435  -0.0004223621
        14257.52895906472    0.001306791
        14252.58123207876  -6.223765e-05
        14247.63366098909  -0.0002889165
        14242.68624578838   0.0009026708
        14237.73898646925  -0.0004949284
        14232.79188302430    0.001103085
        14227.84493544614  -0.0002227537
        14222.89814372752    0.001799343
        14217.95150786099  -7.203300e-05
        14213.00502783922  -0.0003850804
        14208.05870365483  -0.0005725467
        14203.11253530041   0.0003394458
        14198.16652276866   -0.001545241
        14193.22066605218   -0.001033763
        14188.27496514365   -0.001653977
        14183.32942003568   -0.001358319
        14178.38403072089   3.844752e-05
        14173.43879719194   0.0003243222
        14168.49371944145   -0.001372361
        14163.54879746210   -0.001065584
        14158.60403124651   0.0006177955
        14153.65942078727   0.0008351757
        14148.71496607700    0.001470690
        14143.77066710852   -0.001779166
        14138.82652387436   -0.001439128
        14133.88253636714   0.0002288368
        14128.93870457953   0.0006678709
        14123.99502850415   0.0006313737
        14119.05150813368  -2.642544e-05
        14114.10814346071   0.0002110750
        14109.16493447795   0.0001562677
        14104.22188117798  -0.0003882856
        14099.27898355350   9.753387e-05
        14094.33624159717    0.001386857
        14089.39365530155   5.519182e-06
        14084.45122465938  -0.0004950800
        14079.50894966319  -0.0007548219
        14074.56683030575   0.0005764384
        14069.62486657971   0.0003096249
        14064.68305847764  -0.0006800127
        14059.74140599220   -0.001247811
        14054.79990911601   -0.001438836
        14049.85856784187  -0.0001254796
        14044.91738216227   0.0004150685
        14039.97635206995   0.0005919234
        14035.03547755752  -0.0006325217
        14030.09475861759    0.002877526
        14025.15419524290   0.0002053352
        14020.21378742608   9.045035e-05
        14015.27353515978   -0.001541503
        14010.33343843664  -0.0009452830
        14005.39349724931  -0.0002708127
        14000.45371159042   0.0003699623
        13995.51408145271  -8.020828e-05
        13990.57460682878  -0.0006826777
        13985.63528771133   0.0002178700
        13980.69612409295    0.001973889
        13975.75711596633   0.0009698631
        13970.81826332407   0.0005940077
        13965.87956615892   0.0004612418
        13960.94102446349   -0.001239734
        13956.00263823047   0.0006016235
        13951.06440745245   -0.001228197
        13946.12633212219  -0.0007733632
        13941.18841223230  -0.0001862588
        13936.25064777544  -0.0008684966
        13931.31303874424   0.0001204274
        13926.37558513137   0.0004294839
        13921.43828692952    0.001040138
        13916.50114413141  -9.562257e-05
        13911.56415672954   -0.001301511
        13906.62732471677  -0.0004259786
        13901.69064808559   -0.001105724
        13896.75412682881   -0.002027745
        13891.81776093897   -0.002204686
        13886.88155040882  -0.0007789699
        13881.94549523096   -0.001653444
        13877.00959539814   -0.001833820
        13872.07385090291   -0.001967774
        13867.13826173808   -0.005517308
        13862.20282789618   -0.005373398
        13857.26754937004   -0.004597547
        13852.33242615213   -0.004610169
        13847.39745823519   -0.006107837
        13842.46264561203   -0.006308069
        13837.52798827514   -0.007801805
        13832.59348621732   -0.004858031
        13827.65913943111   -0.005193099
        13822.72494790927   -0.005723315
        13817.79091164447   -0.004845413
