Scan:    140      F18090+0130 2010-05-03 +07 05 29.0
         OPTICAL                 Jy    
        km/s-BAR                 I
        10063.01698549008     0.01864348
        10058.20088007470     0.02145094
        10053.38492437103    0.004829707
        10048.56911837222    0.007328234
        10043.75346207122    0.008600115
        10038.93795546116   -0.002682082
        10034.12259853486   0.0006260771
        10029.30739128553   -0.003881770
        10024.49233370612   -0.009011127
        10019.67742578969    -0.01150207
        10014.86266752920    -0.01348472
        10010.04805891772   -0.007390276
        10005.23359994819   -0.008390158
        10000.41929061369    -0.01512970
        9995.605130907370    -0.01429181
        9990.791120822032   -0.008343935
        9985.977260350892   -0.008821678
        9981.163549486826   -0.008927076
        9976.349988222973   -0.007383312
        9971.536576552284   -0.008615864
        9966.723314467763   -0.006752910
        9961.910201962492   -0.003541122
        9957.097239029545   -0.005118644
        9952.284425661868   -0.003456381
        9947.471761852534   -0.003673707
        9942.659247594560   -0.007549307
        9937.846882880951   0.0008191861
        9933.034667704718   2.392059e-05
        9928.222602059006   -0.002640514
        9923.410685936760   -0.008822745
        9918.598919330989    0.005656225
        9913.787302234767   0.0004591357
        9908.975834641111   -0.001850275
        9904.164516543093   0.0009699199
        9899.353347933658   -0.001302112
        9894.542328805883   0.0004558373
        9889.731459152845   0.0006993305
        9884.920738967554  -0.0004408422
        9880.110168243025   -0.002036894
        9875.299746972261   0.0009391290
        9870.489475148410    0.001275206
        9865.679352764349   0.0005618112
        9860.869379813221   -0.002421742
        9856.059556288035   -0.003136840
        9851.249882181872    0.001275301
        9846.440357487738  -0.0006614658
        9841.630982198645  -0.0003126503
        9836.821756307603   -0.001331390
        9832.012679807760   0.0009624212
        9827.203752692119  -9.867184e-05
        9822.394974953630    0.002107702
        9817.586346585435    0.001424125
        9812.777867580540   0.0007212013
        9807.969537931962   -0.002020203
        9803.161357632773  -0.0006447046
        9798.353326675988   2.469804e-05
        9793.545445054679    0.002490416
        9788.737712761860  -0.0004647144
        9783.930129790673   -0.001482364
        9779.122696133996  -0.0008192057
        9774.315411784974  -0.0003393336
        9769.508276736613  -0.0009956331
        9764.701290981995   0.0001318073
        9759.894454514128   -0.001300381
        9755.087767326153   0.0001127916
        9750.281229410954   0.0007906487
        9745.474840761734  -0.0007532831
        9740.668601371442   0.0002067972
        9735.862511233086   0.0002649266
        9731.056570339877  -0.0001692044
        9726.250778684758    0.002232121
        9721.445136260740    0.001025835
        9716.639643060968   0.0007141241
        9711.834299078449   0.0001480575
        9707.029104306197  -0.0003865880
        9702.224058737285    0.001724167
        9697.419162364795    0.002386711
        9692.614415181733  -0.0001184674
        9687.809817181180    0.001009147
        9683.005368356207    0.003627277
        9678.201068699831    0.001728798
        9673.396918205128  -0.0005858111
        9668.592916865038    0.001429411
        9663.789064672772   0.0001033116
        9658.985361621410    0.001090556
        9654.181807703826  -0.0005966764
        9649.378402913233   -0.001165160
        9644.575147242575   -0.001983959
        9639.772040684993   -0.001319045
        9634.969083233498   -0.002607582
        9630.166274881167  -0.0003996281
        9625.363615621080   4.190882e-06
        9620.561105446242   0.0004759461
        9615.758744349669  -0.0001452405
        9610.956532324566    0.001512834
        9606.154469363881   0.0007835631
        9601.352555460689   -0.001965006
        9596.550790608069   -0.002366414
        9591.749174799093   0.0003884061
        9586.947708026844   0.0003237848
        9582.146390284264  -0.0007723414
        9577.345221564561   -0.001258697
        9572.544201860681   0.0004762026
        9567.743331165701   0.0005285540
        9562.942609472830    0.001305293
        9558.142036774945    0.001850226
        9553.341613065191  -0.0007334189
        9548.541338336643  -0.0006088623
        9543.741212582379    0.001899483
        9538.941235795344   0.0005763274
        9534.141407968751   0.0009078956
        9529.341729095668  -0.0009388900
        9524.542199169047   -0.002425747
        9519.742818182029   -0.002729544
        9514.943586127622   0.0007337155
        9510.144502998972  -7.512022e-05
        9505.345568789025    0.003172172
        9500.546783490987   0.0007662284
        9495.748147097938   -0.002075192
        9490.949659602818   0.0003405762
        9486.151320998777   7.000774e-05
        9481.353131278885  -0.0003388404
        9476.555090436157   0.0005066292
        9471.757198463669    0.002208521
        9466.959455354630   0.0008736938
        9462.161861101986  -0.0004732653
        9457.364415698812   4.895098e-05
        9452.567119138184   0.0004129607
        9447.769971413249   7.044364e-05
        9442.972972517015  -6.594388e-05
        9438.176122442494   0.0001979527
        9433.379421182894   -0.001036580
        9428.582868731226   -0.002883411
        9423.786465080568   0.0007047913
        9418.990210223932   0.0008719396
        9414.194104154525  -0.0004552943
        9409.398146865358   -0.001515097
        9404.602338349510  -0.0004451942
        9399.806678599989   -0.002612366
        9395.011167610006   -0.001193321
        9390.215805372574   8.005244e-05
        9385.420591880766   -0.002377477
        9380.625527127659   -0.001259699
        9375.830611106334    0.001873921
        9371.035843809865    0.001806731
        9366.241225231395   7.192157e-05
        9361.446755363937  -0.0006182418
        9356.652434200569    0.001119861
        9351.858261734427  -0.0005184296
        9347.064237958530   -0.002734147
        9342.270362865951  -0.0008985890
        9337.476636449901   -0.001381102
        9332.683058703324   0.0002271635
        9327.889629619362    0.001852557
        9323.096349191093   0.0009389898
        9318.303217411663   -0.001319837
        9313.510234274014   -0.001553223
        9308.717399771285    0.002889762
        9303.924713896695    0.003326373
        9299.132176643181    0.002316608
        9294.339788003890    0.001973530
        9289.547547971897   -0.001209215
        9284.755456540279  -0.0006268619
        9279.963513702114   1.393662e-05
        9275.171719450480   0.0005289903
        9270.380073778519    0.001882532
        9265.588576679307   0.0006226164
        9260.797228145990  -0.0001430030
        9256.006028171510    0.002202361
        9251.214976749081  -0.0008519305
        9246.424073871774   0.0004566673
        9241.633319532604   0.0001709054
        9236.842713724713  -0.0004284326
        9232.052256441242  -3.772966e-06
        9227.261947675273  -0.0009032011
        9222.471787419812   0.0005985165
        9217.681775668074   -0.001879295
        9212.891912412997   0.0002126269
        9208.102197647797   -0.001635212
        9203.312631365612   -0.002306840
        9198.523213559391   -0.002527882
        9193.733944222340  -0.0004931347
        9188.944823347538    0.001777977
        9184.155850928060   -0.002754006
        9179.367026956921   -0.002322883
        9174.578351427393   -0.001522571
        9169.789824332422  -0.0006933170
        9165.001445665217   -0.001329444
        9160.213215418858    0.002580957
        9155.425133586352   -0.001826662
        9150.637200160911   -0.001131591
        9145.849415135544   -0.001108080
        9141.061778503463   0.0008442663
        9136.274290257610    0.001455116
        9131.486950391263   0.0004669752
        9126.699758897432    0.001690266
        9121.912715769193    0.002376832
        9117.125820999689    0.001487648
        9112.339074582002   -0.002122580
        9107.552476509269  -0.0003431651
        9102.766026774572   -0.001845775
        9097.979725371053    0.001241604
        9093.193572291788    0.003487603
        9088.407567529855    0.002887772
        9083.621711078396   0.0008443745
        9078.836002930426  -0.0003905815
        9074.050443079215   0.0008327338
        9069.265031517711   0.0006374322
        9064.479768239189    0.003450281
        9059.694653236596    0.001418183
        9054.909686503139   0.0003354606
        9050.124868031895  -0.0005446891
        9045.340197815944   -0.001955838
        9040.555675848424   -0.001166123
        9035.771302122484   0.0006661190
        9030.987076631201   -0.003223408
        9026.202999367648  -0.0003054165
        9021.419070324971  -4.388051e-05
        9016.635289496313   0.0008124486
        9011.851656874687   0.0004182363
        9007.068172453364    0.001128172
        9002.284836225359   -0.001258430
        8997.501648183748   -0.001945322
        8992.718608321675   0.0006924136
        8987.935716632350   -0.001583613
        8983.152973108714   -0.003245089
        8978.370377743980  -0.0009104469
        8973.587930531292  -0.0008632710
        8968.805631463792   -0.001172256
        8964.023480534424    0.001195976
        8959.241477736534    0.002639167
        8954.459623063061    0.001670026
        8949.677916507153  -0.0004595890
        8944.896358061953   -0.001036465
        8940.114947720667   0.0004829873
        8935.333685476309   0.0008914456
        8930.552571322021  -0.0006580358
        8925.771605250951   0.0009214798
        8920.990787256103    0.001004229
        8916.210117330758    0.002078093
        8911.429595467926    0.002339300
        8906.649221660813    0.001372393
        8901.868995902501  -0.0001930022
        8897.088918186131    0.002744002
        8892.308988504783    0.004148902
        8887.529206851596    0.004203257
        8882.749573219649    0.003613247
        8877.970087602154    0.006096644
        8873.190749992185    0.004926141
        8868.411560382954    0.006112747
        8863.632518767472    0.005034639
        8858.853625138881    0.004079921
        8854.074879490325    0.006121910
        8849.296281814948    0.003932253
        8844.517832105894    0.003186867
        8839.739530356237    0.005402423
        8834.961376559193    0.002855073
        8830.183370707768    0.002701429
        8825.405512795171    0.005966117
        8820.627802814546    0.002862298
        8815.850240758909    0.003369733
        8811.072826621530    0.007780384
        8806.295560395425    0.005805557
        8801.518442073866   0.0001862689
        8796.741471649864    0.006020762
        8791.964649116566    0.006335886
        8787.187974467113    0.005305123
        8782.411447694651    0.008068060
        8777.635068792317    0.007477200
        8772.858837753261    0.004587244
        8768.082754570558    0.007189764
        8763.306819237421    0.008860011
        8758.531031746923    0.008437825
        8753.755392092206    0.006858498
        8748.979900266419    0.007188962
        8744.204556262701    0.004678377
        8739.429360074200    0.007344563
        8734.654311694056    0.009020299
        8729.879411115346     0.01171010
        8725.104658331282     0.01098890
        8720.330053334943     0.01095877
        8715.555596119466    0.007436323
        8710.781286678066    0.008563548
        8706.007125003818    0.008732667
        8701.233111089936    0.009268101
        8696.459244929425    0.008410192
        8691.685526515566    0.009330723
        8686.911955841366    0.008374658
        8682.138532900104    0.008459006
        8677.365257684789    0.009695334
        8672.592130188699    0.009466145
        8667.819150404912     0.01102235
        8663.046318326502     0.01270258
        8658.273633946746     0.01348704
        8653.501097258659     0.01240579
        8648.728708255445     0.01023671
        8643.956466930318    0.009177101
        8639.184373276355     0.01108992
        8634.412427286696    0.009778549
        8629.640628954488     0.01119766
        8624.868978272874     0.01028014
        8620.097475234932    0.009027073
        8615.326119834001     0.01017646
        8610.554912063095    0.009016770
        8605.783851915357    0.006387892
        8601.012939383998    0.006588841
        8596.242174462161    0.006504206
        8591.471557142921    0.008181714
        8586.701087419424    0.008466758
        8581.930765284946    0.008879092
        8577.160590732563    0.009725895
        8572.390563755422    0.009911872
        8567.620684346661    0.009092809
        8562.850952499426    0.006035158
        8558.081368206929    0.008688297
        8553.311931462247    0.007718521
        8548.542642258653    0.007807727
        8543.773500589163    0.006189078
        8539.004506447049    0.006734437
        8534.235659825388    0.007381457
        8529.466960717325    0.006243513
        8524.698409116007    0.009509644
        8519.930005014705    0.007739697
        8515.161748406432    0.006915816
        8510.393639284466    0.007385862
        8505.625677641947    0.007918247
        8500.857863471954    0.003000992
        8496.090196767698    0.003751729
        8491.322677522257    0.003376079
        8486.555305728903    0.005560817
        8481.788081380784    0.004625020
        8477.021004470977    0.005339207
        8472.254074992754    0.003183926
        8467.487292939197    0.003033201
        8462.720658303448    0.003681585
        8457.954171078716    0.003136940
        8453.187831258147    0.001709659
        8448.421638834947  -0.0006414681
        8443.655593802265    0.002259531
        8438.889696153172    0.002628571
        8434.123945880949    0.001139623
        8429.358342978672   0.0006854509
        8424.592887439552    0.001450895
        8419.827579256733   -0.001218188
        8415.062418423422  -0.0008146043
        8410.297404932764   -0.002207320
        8405.532538777903   0.0008989522
        8400.767819952049   9.101038e-05
        8396.003248448278  -0.0002843397
        8391.238824259803  -0.0003083539
        8386.474547379898    0.002638922
        8381.710417801572    0.001310419
        8376.946435518108  -6.517727e-05
        8372.182600522643   -0.001444907
        8367.418912808258    0.001121310
        8362.655372368226   0.0004775962
        8357.891979195696   -0.001353805
        8353.128733283873    0.001170191
        8348.365634625836    0.001694793
        8343.602683214862    0.001545892
        8338.839879044093    0.001146825
        8334.077222106609   0.0008753061
        8329.314712395617    0.002256820
        8324.552349904396  -0.0007486586
        8319.790134626022   0.0004862465
        8315.028066553705    0.001968610
        8310.266145680655  -0.0001607300
        8305.504371999948   0.0003980944
        8300.742745504866   0.0005724687
        8295.981266188412   0.0003682797
        8291.219934044000  -0.0005459620
        8286.458749064706   -0.001520158
        8281.697711243609    0.001726155
        8276.936820574050   0.0002469897
        8272.176077049040   7.576673e-05
        8267.415480661921    0.001312798
        8262.655031405706    0.001513909
        8257.894729273736  -0.0004197416
        8253.134574259091   -0.002158894
        8248.374566355043   -0.001550162
        8243.614705554673   0.0007690812
        8238.854991851123   -0.003759424
        8234.095425237736  -0.0006378652
        8229.336005707524  -0.0009543293
        8224.576733253829    0.001955998
        8219.817607869729    0.001650523
        8215.058629548432  -0.0006017991
        8210.299798283151   -0.001193195
        8205.541114066958   -0.001930201
        8200.782576893203   -0.002151354
        8196.024186754894   -0.002803426
        8191.265943645438   0.0002663093
        8186.507847557781    0.001104357
        8181.749898485334   -0.002341370
        8176.992096421105  -0.0001267515
        8172.234441358372   -0.002707370
        8167.476933290279    0.001167765
        8162.719572209969  -0.0007217848
        8157.962358110784   0.0002924467
        8153.205290985804    0.002629858
        8148.448370828170    0.002927930
        8143.691597631227   -0.002510535
        8138.934971388050  -0.0004915058
        8134.178492091784   -0.001905610
        8129.422159735772   1.518444e-05
        8124.665974313091   0.0006561896
        8119.909935816951   0.0007404371
        8115.154044240629    0.002812525
        8110.398299577203   0.0005192261
        8105.642701819880    0.001185989
        8100.887250961873   -0.001351577
        8096.131946996391   0.0009345121
        8091.376789916645  -0.0004677670
        8086.621779715843   -0.001402702
        8081.866916387065  -0.0001535225
        8077.112199923652  -0.0009231728
        8072.357630318682   0.0006048270
        8067.603207565365  -0.0004773541
        8062.848931656978   -0.002034497
        8058.094802586663   0.0007825661
        8053.340820347698    0.001513391
        8048.586984933161   -0.002519686
        8043.833296336260   -0.004059643
        8039.079754550274   0.0005056131
        8034.326359568277  -0.0003958742
        8029.573111383681   -0.002674053
        8024.820009989497  -0.0001153719
        8020.067055379000   0.0003771185
        8015.314247545333  -0.0008149606
        8010.561586481776   -0.001888557
        8005.809072181470    0.001216873
        8001.056704637625   0.0008876446
        7996.304483843519    0.001187577
        7991.552409792229   -0.002361747
        7986.800482477096    0.001024087
        7982.048701891265    0.001166587
        7977.297068027882   0.0001842580
        7972.545580880154   -0.001047657
        7967.794240441358    0.001646065
        7963.043046704704  -0.0001542883
        7958.291999663338   0.0002989853
        7953.541099310535   0.0004402151
        7948.790345639438   -0.001362607
        7944.039738643257    0.001198591
        7939.289278315137    0.001225740
        7934.538964648487   -0.002168500
        7929.788797636318   4.940073e-05
        7925.038777271972  -0.0009408865
        7920.288903548594  -0.0007550885
        7915.539176459393  -0.0009171713
        7910.789595997648    0.001273902
        7906.040162156366   0.0001431676
        7901.290874928959   0.0005639071
        7896.541734308636  -0.0007307047
        7891.792740288542    0.001111816
        7887.043892861886    0.002721976
        7882.295192021878   -0.002828854
        7877.546637761729   -0.002308823
        7872.798230074650  -0.0006168710
        7868.049968953915    0.002682019
        7863.301854392669   -0.001516126
        7858.553886384189  -0.0005097805
        7853.806064921686   -0.001627951
        7849.058389998301   -0.001314291
        7844.310861607312  -0.0005934463
        7839.563479741864   0.0006985010
        7834.816244395231    0.003940310
        7830.069155560693    0.001317891
        7825.322213231390  -0.0008187430
        7820.575417400534  -0.0005527849
        7815.828768061335    0.002151194
        7811.082265207070    0.001450024
        7806.335908830883    0.001316352
        7801.589698926048   0.0009867890
        7796.843635485779  -0.0007133294
        7792.097718503350  -3.064085e-05
        7787.351947971839   0.0002542786
        7782.606323884588   0.0006263949
        7777.860846234808    0.001116419
        7773.115515015578  -5.702197e-05
        7768.370330220371  -0.0002565475
        7763.625291842200  -0.0009239403
        7758.880399874407  -0.0002851352
        7754.135654310136   0.0009749800
        7749.391055142663  -0.0005510222
        7744.646602365199   0.0006241588
        7739.902295970954   0.0001948972
        7735.158135953137    0.003168592
        7730.414122305094    0.001398331
        7725.670255019899   0.0001060063
        7720.926534090830    0.002336669
        7716.182959511164   -0.002629036
        7711.439531274044    0.001467436
        7706.696249372747  -0.0006292417
        7701.953113800549   -0.001151365
        7697.210124550595  -0.0002021958
        7692.467281616161    0.003391470
        7687.724584990456  -0.0004892523
        7682.982034666692   -0.001910608
        7678.239630638078   -0.001603135
        7673.497372897958   -0.002180035
        7668.755261439474   0.0009798165
        7664.013296255906    0.001090581
        7659.271477340460   8.595989e-05
        7654.529804686348   -0.002272035
        7649.788278286847  -0.0003129467
        7645.046898135101   -0.001069405
        7640.305664224452  -0.0008610367
        7635.564576548111   -0.001548304
        7630.823635099289    0.001823339
        7626.082839871195    0.003545441
        7621.342190857104   -0.001660661
        7616.601688050295  -0.0009298806
        7611.861331443845   -0.001394112
        7607.121121031163  -0.0002597937
        7602.381056805394   0.0009101284
        7597.641138759878    0.001920609
        7592.901366887696  -0.0003358830
        7588.161741182188    0.001190817
        7583.422261636633    0.001795136
        7578.682928244108   0.0009965677
        7573.943740997954   0.0005359821
        7569.204699891449  -0.0003051161
        7564.465804917870   -0.001354540
        7559.727056070295  -0.0007601139
        7554.988453342065   -0.002785545
        7550.249996726457   -0.001907019
        7545.511686216549  -0.0002257575
        7540.773521805817   -0.001199055
        7536.035503487339  -0.0004092088
        7531.297631254391   0.0005268752
        7526.559905100316   -0.001296829
        7521.822325018191   -0.001021690
        7517.084891001359   0.0004423248
        7512.347603043031    0.002481029
        7507.610461136550   0.0008751383
        7502.873465275059    0.002044133
        7498.136615451769   0.0002742114
        7493.399911660088    0.001995482
        7488.663353893096   0.0001877390
        7483.926942144067   0.0002846048
        7479.190676406346   0.0008940105
        7474.454556673142   -0.001705533
        7469.718582937666   -0.002467064
        7464.982755193128    0.001356033
        7460.247073432936    0.001487114
        7455.511537650171    0.001302277
        7450.776147838172    0.001471706
        7446.040903990151   -0.001115380
        7441.305806099452   0.0008355434
        7436.570854159218   -0.001796585
        7431.836048162725   -0.001379126
        7427.101388103250  -0.0005151808
        7422.366873974004   -0.002211388
        7417.632505768262   0.0008892629
        7412.898283479303   0.0007762879
        7408.164207100402  -0.0006315489
        7403.430276624770   0.0008796838
        7398.696492045616   0.0006842710
        7393.962853356351   0.0006907217
        7389.229360550052    0.001068097
        7384.496013619993   -0.001084352
        7379.762812559588  -0.0008994172
        7375.029757361913  -0.0001573202
        7370.296848020375    0.002381898
        7365.564084528188    0.002053475
        7360.831466878492    0.002732721
        7356.098995064700   0.0002616750
        7351.366669079953   -0.001555378
        7346.634488917663   0.0003207835
        7341.902454570904   -0.002216921
        7337.170566033090  -3.302455e-05
        7332.438823297427   0.0006656249
        7327.707226357127   0.0006810382
        7322.975775205535   -0.001062228
        7318.244469835792   0.0004845085
        7313.513310241308   0.0002340816
        7308.782296415295   -0.001663134
        7304.051428351028   0.0009628924
        7299.320706041651   -0.002178193
        7294.590129480574   -0.001204647
        7289.859698660940   0.0001876126
        7285.129413576160    0.002782663
        7280.399274219377  -0.0006528981
        7275.669280583934    0.001365922
        7270.939432663107   -0.001486950
