Scan:    162      F19542+1110 2010-05-02 +10 10 40.0
         OPTICAL                 Jy    
        km/s-BAR                 I
        20974.23686979163     -0.1087869
        20969.07567588834    -0.09818885
        20963.91464807147     -0.1046369
        20958.75378633308     -0.1047574
        20953.59309066499    -0.09829038
        20948.43256105934     -0.1065979
        20943.27219750794    -0.07475465
        20938.11200000295    -0.09182145
        20932.95196853617    -0.09227012
        20927.79210309974    -0.08906338
        20922.63240368562    -0.08519372
        20917.47287028574    -0.08488497
        20912.31350289219    -0.06742319
        20907.15430149678    -0.06838233
        20901.99526609172    -0.06021208
        20896.83639666882    -0.06015686
        20891.67769322016    -0.06065719
        20886.51915573769    -0.05095679
        20881.36078421342    -0.04815199
        20876.20257863936    -0.04077332
        20871.04453900745    -0.03669878
        20865.88666530978    -0.02945214
        20860.72895753821    -0.02761916
        20855.57141568491    -0.02464910
        20850.41403974161    -0.01940955
        20845.25682970053    -0.01794650
        20840.09978555367    -0.01353696
        20834.94290729285    -0.01013273
        20829.78619491022    -0.01130399
        20824.62964839771    -0.01066880
        20819.47326774735   -0.008071052
        20814.31705295107   -0.004468035
        20809.16100400090   -0.004303663
        20804.00512088896   -0.003083553
        20798.84940360702   -0.003605833
        20793.69385214734   -0.001683011
        20788.53846650168   -0.001263163
        20783.38324666218   -0.001762399
        20778.22819262077   -0.004057735
        20773.07330436949   -0.002631620
        20767.91858190039    0.001670622
        20762.76402520538   -0.002835854
        20757.60963427658   -0.001675006
        20752.45540910587   -0.002135592
        20747.30134968528   0.0002791709
        20742.14745600687  -0.0001285447
        20736.99372806260   4.293568e-05
        20731.84016584447   0.0009180717
        20726.68676934456    0.001604316
        20721.53353855482   0.0008053343
        20716.38047346720  -0.0002656600
        20711.22757407384    0.001323653
        20706.07484036660    0.001465126
        20700.92227233766   0.0006467230
        20695.76986997888   -0.001051215
        20690.61763328227   -0.001365421
        20685.46556223997  -0.0007798799
        20680.31365684388    0.002562674
        20675.16191708612    0.001150319
        20670.01034295853  -0.0003778388
        20664.85893445330   4.791930e-05
        20659.70769156231    0.001758556
        20654.55661427764    0.001024900
        20649.40570259138   -0.001187778
        20644.25495649533   0.0007774138
        20639.10437598171   0.0006988822
        20633.95396104247  -0.0003936267
        20628.80371166959   -0.001315251
        20623.65362785506    0.001330861
        20618.50370959099   0.0004018995
        20613.35395686941   0.0005120520
        20608.20436968219  -0.0001845910
        20603.05494802148   0.0001820193
        20597.90569187930    0.001636726
        20592.75660124765  -0.0008509366
        20587.60767611840    0.001070820
        20582.45891648385  -0.0001004562
        20577.31032233580  -0.0005549485
        20572.16189366634  -0.0005413226
        20567.01363046753   0.0004453347
        20561.86553273132   -0.001819110
        20556.71760044980   0.0003278565
        20551.56983361498    0.001806682
        20546.42223221885    0.001554764
        20541.27479625345  -0.0005685859
        20536.12752571085   -0.001854911
        20530.98042058306   -0.001957468
        20525.83348086202   0.0004577686
        20520.68670653988   -0.001311240
        20515.54009760852   0.0006305499
        20510.39365406015   -0.001159471
        20505.24737588664  -0.0009507132
        20500.10126308009   0.0003893355
        20494.95531563256    0.002697227
        20489.80953353600    0.002520224
        20484.66391678257    0.002840067
        20479.51846536412   0.0007083722
        20474.37317927288   0.0001033425
        20469.22805850066  -9.420171e-05
        20464.08310303967    0.001531694
        20458.93831288192    0.002301842
        20453.79368801930    0.001987567
        20448.64922844407    0.001325099
        20443.50493414806    0.001999325
        20438.36080512347    0.001748163
        20433.21684136217    0.001784795
        20428.07304285640    0.004459583
        20422.92940959795    0.003812616
        20417.78594157904    0.009206350
        20412.64263879168     0.01178064
        20407.49950122788     0.01125622
        20402.35652887965     0.01174913
        20397.21372173907     0.01074145
        20392.07107979823    0.009079774
        20386.92860304899    0.005865929
        20381.78629148358    0.005721915
        20376.64414509399    0.005062903
        20371.50216387219    0.001734132
        20366.36034781037  -0.0001842262
        20361.21869690036   -0.001110409
        20356.07721113443    0.001586954
        20350.93589050445    0.001644982
        20345.79473500252    0.002760674
        20340.65374462076   0.0009450593
        20335.51291935107    0.001321498
        20330.37225918565    0.002294454
        20325.23176411645    0.001857315
        20320.09143413554   0.0005174705
        20314.95126923495   -0.001343459
        20309.81126940667   -0.002446152
        20304.67143464299  -0.0001632447
        20299.53176493566  -0.0008629939
        20294.39226027695   -0.001826396
        20289.25292065874   -0.001306773
        20284.11374607324    0.001808674
        20278.97473651234    0.002615581
        20273.83589196831   0.0005554097
        20268.69721243289    0.001249656
        20263.55869789836  -0.0001050136
        20258.42034835681   -0.001035547
        20253.28216380011   -0.001015804
        20248.14414422054   -0.001110398
        20243.00628960990   -0.002346209
        20237.86859996043   0.0004133239
        20232.73107526405  -0.0004779727
        20227.59371551291   0.0008710631
        20222.45652069910    0.001187437
        20217.31949081456   0.0009237853
        20212.18262585148   -0.002580294
        20207.04592580178  -0.0005304427
        20201.90939065764   -0.002546640
        20196.77302041108  -0.0005038128
        20191.63681505405    0.001259318
        20186.50077457882  -0.0007380073
        20181.36489897728   -0.001082868
        20176.22918824157   0.0007270439
        20171.09364236369   7.481514e-05
        20165.95826133580  -0.0002525345
        20160.82304514985  -0.0006668358
        20155.68799379797    0.003294376
        20150.55310727224  -0.0003137256
        20145.41838556462    0.001568279
        20140.28382866737    0.002030667
        20135.14943657238   -0.001483624
        20130.01520927179   -0.002991959
        20124.88114675755   0.0001794937
        20119.74724902194    0.001378378
        20114.61351605690  -0.0007006990
        20109.47994785443   0.0003622344
        20104.34654440677  -0.0009296937
        20099.21330570578   -0.001853452
        20094.08023174380  -0.0007593569
        20088.94732251258  -0.0008587498
        20083.81457800448    0.001082803
        20078.68199821137   -0.001654300
        20073.54958312545    0.002165626
        20068.41733273875   0.0003533653
        20063.28524704326  -0.0004012501
        20058.15332603121  -0.0008647708
        20053.02156969455   -0.001040277
        20047.88997802540    0.001833907
        20042.75855101580  -0.0003732256
        20037.62728865780    0.001830983
        20032.49619094364    0.002688927
        20027.36525786524    0.001380627
        20022.23448941477   -0.001475640
        20017.10388558415  -0.0007003539
        20011.97344636561   0.0005125676
        20006.84317175116   0.0008088216
        20001.71306173294   2.197958e-05
        19996.58311630296   0.0008278483
        19991.45333545337   0.0009593766
        19986.32371917618    0.001466228
        19981.19426746347  -0.0007231522
        19976.06498030745  -0.0009301060
        19970.93585769999    0.001095827
        19965.80689963332   7.785299e-05
        19960.67810609945    0.002127711
        19955.54947709050  -4.322352e-05
        19950.42101259865  -8.456363e-05
        19945.29271261581   0.0008051662
        19940.16457713416   0.0005700320
        19935.03660614575    0.001330095
        19929.90879964268    0.002349643
        19924.78115761708   6.871489e-05
        19919.65368006089   0.0007428108
        19914.52636696642  -0.0001348373
        19909.39921832558    0.002267839
        19904.27223413053   0.0004424904
        19899.14541437335    0.001295885
        19894.01875904611   1.194313e-05
        19888.89226814091   -0.002042677
        19883.76594164980   -0.002220994
        19878.63977956501   0.0004751254
        19873.51378187848  -0.0001716037
        19868.38794858235   -0.001046674
        19863.26227966870   -0.001675458
        19858.13677512976   -0.002861993
        19853.01143495738   9.066298e-05
        19847.88625914380  -0.0007045820
        19842.76124768114  -0.0005818431
        19837.63640056142   0.0003534672
        19832.51171777680  -0.0007782678
        19827.38719931927  -0.0001169595
        19822.26284518105   -0.001676317
        19817.13865535416  -0.0003817964
        19812.01462983074    0.001936108
        19806.89076860279    0.001533778
        19801.76707166254    0.001046125
        19796.64353900206  -0.0001741202
        19791.52017061336   -0.001194684
        19786.39696648865   0.0006444901
        19781.27392661995  -0.0007008804
        19776.15105099947  -0.0009902361
        19771.02833961915   0.0007606656
        19765.90579247113    0.001047256
        19760.78340954771    0.001698399
        19755.66119084075   4.322211e-05
        19750.53913634246  -0.0008340564
        19745.41724604493  -0.0003684541
        19740.29551994023   0.0001108428
        19735.17395802051   -0.001205829
        19730.05256027785   0.0005842329
        19724.93132670446   0.0001909889
        19719.81025729228  -0.0006302053
        19714.68935203353    0.001342336
        19709.56861092021    0.001135330
        19704.44803394461   -0.001193484
        19699.32762109861   -0.001347015
        19694.20737237448   -0.002144021
        19689.08728776429  -0.0006286555
        19683.96736726014   0.0006482926
        19678.84761085417    0.001219153
        19673.72801853837    0.001411087
        19668.60859030504   0.0007412659
        19663.48932614619   0.0002299404
        19658.37022605390   0.0008027405
        19653.25129002037    0.001790551
        19648.13251803756   0.0003315459
        19643.01391009780  -7.173560e-05
        19637.89546619305    0.001086481
        19632.77718631557  -0.0007592228
        19627.65907045725   -0.001638351
        19622.54111861037  -9.386555e-06
        19617.42333076701   -0.002112543
        19612.30570691924  -0.0008227580
        19607.18824705935   -0.001651365
        19602.07095117920   0.0002663707
        19596.95381927109  -4.216495e-05
        19591.83685132709   -0.001164600
        19586.72004733933   0.0007224714
        19581.60340729985    0.001644351
        19576.48693120090   0.0004322499
        19571.37061903451   -0.001170538
        19566.25447079282  -0.0009969688
        19561.13848646805   0.0008862515
        19556.02266605213    0.001544936
        19550.90700953735   2.141112e-05
        19545.79151691577  -0.0006896386
        19540.67618817943   0.0001254209
        19535.56102332066    0.001089955
        19530.44602233140  -0.0006825518
        19525.33118520387  -0.0003497498
        19520.21651193008  -0.0002454440
        19515.10200250238  -0.0005032754
        19509.98765691264  -0.0007668732
        19504.87347515320   0.0004635690
        19499.75945721602  -0.0005807307
        19494.64560309330    0.001158440
        19489.53191277726  -0.0005723650
        19484.41838625985   0.0003965832
        19479.30502353333  -0.0002365283
        19474.19182458979    0.001373490
        19469.07878942137   0.0007784031
        19463.96591802023   0.0002803499
        19458.85321037836   0.0003909130
        19453.74066648812   -0.001400491
        19448.62828634145  -0.0005404074
        19443.51606993063   -0.001517452
        19438.40401724767  -1.541976e-05
        19433.29212828478  -0.0009542662
        19428.18040303404    0.001939711
        19423.06884148760   0.0001383948
        19417.95744363766   0.0002136270
        19412.84620947625   -0.001232165
        19407.73513899563  -0.0002903854
        19402.62423218783    0.001564604
        19397.51348904511   0.0007986870
        19392.40290955942   -0.002561002
        19387.29249372305  -8.334965e-05
        19382.18224152813  -0.0007759870
        19377.07215296675    0.001343840
        19371.96222803111  -0.0002959410
        19366.85246671324  -0.0001440137
        19361.74286900540    0.001134339
        19356.63343489967  -0.0002242198
        19351.52416438827   0.0004214723
        19346.41505746314   0.0001458353
        19341.30611411664   -0.001152685
        19336.19733434089   -0.002021855
        19331.08871812791   -0.002013056
        19325.98026546999    0.001327691
        19320.87197635914    0.002449728
        19315.76385078762  -0.0005956877
        19310.65588874746   3.642301e-05
        19305.54809023093   0.0006107857
        19300.44045523011    0.001762322
        19295.33298373715    0.001303880
        19290.22567574426  -0.0002337955
        19285.11853124344  -0.0005863637
        19280.01155022705  -0.0007569327
        19274.90473268703   0.0004813635
        19269.79807861565   -0.001956632
        19264.69158800514  -0.0003782673
        19259.58526084743    0.001183384
        19254.47909713487   0.0007791445
        19249.37309685948    0.001075301
        19244.26726001351  -0.0003191803
        19239.16158658907   0.0002687280
        19234.05607657830    0.001221581
        19228.95072997340   0.0002982320
        19223.84554676645   -0.002006801
        19218.74052694972    0.001250243
        19213.63567051525  -0.0003716621
        19208.53097745523   -0.002191263
        19203.42644776188    0.002352029
        19198.32208142734    0.001679327
        19193.21787844362    0.001827087
        19188.11383880307    0.002191931
        19183.00996249784   0.0003291269
        19177.90624951993   0.0004580927
        19172.80269986169   9.989665e-05
        19167.69931351506  -0.0003570499
        19162.59609047246   -0.002023831
        19157.49303072584   -0.001603633
        19152.39013426747  -0.0006768990
        19147.28740108948   -0.001723078
        19142.18483118404  -1.253513e-05
        19137.08242454336   0.0001853228
        19131.98018115950    0.001225136
        19126.87810102475   -0.001062090
        19121.77618413113  -0.0001836941
        19116.67443047090   0.0004991042
        19111.57284003622   0.0007371517
        19106.47141281922  -0.0003186477
        19101.37014881220   -0.002022868
        19096.26904800708  -0.0003497560
        19091.16811039629   7.493296e-05
        19086.06733597177   -0.002604370
        19080.96672472586   -0.001033531
        19075.86627665065  -0.0001467937
        19070.76599173834   -0.002213852
        19065.66586998114    0.001070246
        19060.56591137107   -0.001089419
        19055.46611590048  -1.071043e-05
        19050.36648356143  -0.0005838769
        19045.26701434609    0.001230886
        19040.16770824678   -0.001998198
        19035.06856525546   0.0002147911
        19029.96958536447  -6.776091e-05
        19024.87076856589   -0.001857423
        19019.77211485193   -0.001112415
        19014.67362421473  -0.0008562829
        19009.57529664659  -0.0002232098
        19004.47713213956   0.0004037891
        18999.37913068580   2.036813e-05
        18994.28129227759  -0.0001464561
        18989.18361690707   0.0007537644
        18984.08610456638    0.001697070
        18978.98875524774    0.001710514
        18973.89156894337   0.0009912207
        18968.79454564533   -0.001912722
        18963.69768534584  -0.0004108427
        18958.60098803717  -0.0003119796
        18953.50445371142  -0.0005342735
        18948.40808236084   0.0002817911
        18943.31187397753  -0.0007229191
        18938.21582855377  -0.0005150317
        18933.11994608162  -0.0008746629
        18928.02422655330   -0.002483593
        18922.92866996109   -0.001709334
        18917.83327629707   0.0008179993
        18912.73804555352  -0.0001221207
        18907.64297772251  -0.0005246916
        18902.54807279632   0.0009738702
        18897.45333076703    0.001060135
        18892.35875162699  -0.0008663954
        18887.26433536828  -0.0009327892
        18882.17008198310   2.314402e-05
        18877.07599146367   0.0007318409
        18871.98206380213  -0.0001857535
        18866.88829899076   0.0007970519
        18861.79469702164  -0.0002101308
        18856.70125788705   4.903203e-05
        18851.60798157907    0.001034190
        18846.51486808997  -0.0002901845
        18841.42191741203  -0.0005230791
        18836.32912953727   -0.003190073
        18831.23650445803   0.0004039610
        18826.14404216638    0.001568774
        18821.05174265461    0.001570395
        18815.95960591486    0.001916498
        18810.86763193928    0.003315198
        18805.77582072028  -0.0001656351
        18800.68417224979   4.048254e-05
        18795.59268652017   0.0008235110
        18790.50136352357    0.002781843
        18785.41020325226   0.0003399574
        18780.31920569825    0.001875118
        18775.22837085389  -0.0003322441
        18770.13769871139    0.001897361
        18765.04718926289   0.0004827769
        18759.95684250060  -0.0005865898
        18754.86665841675   0.0009970425
        18749.77663700354    0.001773059
        18744.68677825310    0.001182305
        18739.59708215773    0.001640916
        18734.50754870964   0.0004564356
        18729.41817790089   0.0001778931
        18724.32896972384    0.001161416
        18719.23992417057    0.002407896
        18714.15104123349    0.001087162
        18709.06232090454  -0.0005795394
        18703.97376317606    0.001204659
        18698.88536804028   0.0005241742
        18693.79713548933   0.0007603461
        18688.70906551555   0.0009016444
        18683.62115811097    0.001249627
        18678.53341326799  -0.0002732382
        18673.44583097862   -0.002628822
        18668.35841123528  -0.0003752657
        18663.27115402997   0.0003899545
        18658.18405935498  -0.0002763479
        18653.09712720265   -0.003252269
        18648.01035756499   -0.001574935
        18642.92375043441   0.0008226106
        18637.83730580294   0.0004202841
        18632.75102366289  -0.0007383207
        18627.66490400644   -0.002371087
        18622.57894682578   -0.002567060
        18617.49315211326    0.001067214
        18612.40751986090   -0.001004650
        18607.32205006109   -0.001719109
        18602.23674270593   7.352411e-05
        18597.15159778776  -0.0001422639
        18592.06661529859   -0.001235638
        18586.98179523084  -0.0001141755
        18581.89713757663  -0.0007581839
        18576.81264232820   0.0002821578
        18571.72830947781  -0.0002046339
        18566.64413901755   -0.001772750
        18561.56013093982  -0.0001976342
        18556.47628523670   0.0006312843
        18551.39260190048   0.0005826348
        18546.30908092336   0.0001304391
        18541.22572229749  -0.0005605978
        18536.14252601528  -0.0003528507
        18531.05949206881    0.001523628
        18525.97662045036   0.0009148982
        18520.89391115200   1.599331e-06
        18515.81136416622    0.001381007
        18510.72897948502    0.001687436
        18505.64675710075  -0.0003475355
        18500.56469700563    0.001330463
        18495.48279919179   0.0004883247
        18490.40106365158   -0.001425853
        18485.31949037715   -0.001241013
        18480.23807936077   0.0009842804
        18475.15683059459   0.0009752571
        18470.07574407090   0.0007097084
        18464.99481978202   -0.002109646
        18459.91405771998    0.001096819
        18454.83345787719   0.0004131186
        18449.75302024579   -0.001620562
        18444.67274481805  -0.0004336728
        18439.59263158614  -0.0002753517
        18434.51268054231   -0.001902210
        18429.43289167885   0.0004964102
        18424.35326498798   0.0004692139
        18419.27380046190   0.0007262166
        18414.19449809283  -0.0002677286
        18409.11535787310  -0.0006480655
        18404.03637979481   -0.001695391
        18398.95756385036   -0.001158667
        18393.87891003182  -0.0002718703
        18388.80041833148  -0.0007891119
        18383.72208874162   0.0004733775
        18378.64392125445    0.001246294
        18373.56591586230   -0.001294899
        18368.48807255720   -0.002999798
        18363.41039133162  -0.0003987669
        18358.33287217758   -0.001148249
        18353.25551508748    0.001290339
        18348.17832005353    0.001619978
        18343.10128706796   -0.001171840
        18338.02441612302   0.0006102822
        18332.94770721088   -0.002373534
        18327.87116032395   0.0006879295
        18322.79477545429    0.003129326
        18317.71855259419    0.002063370
        18312.64249173600    0.003313844
        18307.56659287179   -0.001191904
        18302.49085599404   -0.002041566
        18297.41528109476    0.002071824
        18292.33986816636   0.0004405627
        18287.26461720093   0.0004534615
        18282.18952819087   0.0003397803
        18277.11460112840   0.0006038532
        18272.03983600572  -0.0001149211
        18266.96523281512   0.0009253440
        18261.89079154874  -0.0008866165
        18256.81651219905   -0.001229578
        18251.74239475801   0.0001494091
        18246.66843921816   -0.002779575
        18241.59464557157   0.0002535603
        18236.52101381052   -0.002794409
        18231.44754392730  -8.012179e-05
        18226.37423591418   7.997295e-05
        18221.30108976337   -0.001146056
        18216.22810546709  -0.0008028784
        18211.15528301767   -0.001727353
        18206.08262240734    0.001948833
        18201.01012362830   0.0004713418
        18195.93778667289    0.002392176
        18190.86561153333   3.857106e-06
        18185.79359820190   8.043534e-06
        18180.72174667081   0.0002625148
        18175.65005693239    0.001030279
        18170.57852897874   1.101102e-05
        18165.50716280234   0.0006404988
        18160.43595839530   0.0003072319
        18155.36491574988  -0.0004218507
        18150.29403485845   0.0001823738
        18145.22331571312   0.0002899804
        18140.15275830635    0.001444721
        18135.08236263015    0.001903815
        18130.01212867700   4.978840e-05
        18124.94205643906   -0.001163902
        18119.87214590859   0.0002268702
        18114.80239707794   -0.002011572
        18109.73280993920   -0.001062738
        18104.66338448483   -0.001339639
        18099.59412070698  -0.0008213063
        18094.52501859800   -0.001817253
        18089.45607815004   -0.002078399
        18084.38729935536  -0.0008183942
        18079.31868220646   5.696790e-05
        18074.25022669533  -0.0004778274
        18069.18193281440   -0.001879054
        18064.11380055580   -0.001869171
        18059.04582991202   -0.002522729
        18053.97802087514   -0.004516161
        18048.91037343742   -0.004946579
        18043.84288759129   -0.003507246
        18038.77556332888   -0.002856346
        18033.70840064255   -0.005444459
        18028.64139952451   -0.005918032
        18023.57455996716   -0.006560758
        18018.50788196252   -0.008089370
        18013.44136550306   -0.009169039
        18008.37501058106   -0.009429276
        18003.30881718868   -0.008591115
        17998.24278531832    -0.01018807
        17993.17691496212    -0.01008435
        17988.11120611249   -0.009562212
        17983.04565876160   -0.008410462
