Scan:    186      F20550+1655 2010-05-03 +10 39 54.0
         OPTICAL                 Jy    
        km/s-BAR                 I
        12241.74108967294    -0.03816329
        12236.85707330740    -0.02177202
        12231.97320983044    -0.03089099
        12227.08949923500    -0.02539955
        12222.20594151375    -0.01802249
        12217.32253665971    -0.02287668
        12212.43928466562    -0.02597624
        12207.55618552416    -0.02333108
        12202.67323922834    -0.02148117
        12197.79044577090    -0.02460167
        12192.90780514472    -0.02299697
        12188.02531734254    -0.01580086
        12183.14298235732    -0.01749153
        12178.26080018178    -0.02038769
        12173.37877080868    -0.01587391
        12168.49689423096    -0.01541388
        12163.61517044144    -0.01199828
        12158.73359943291   -0.009976909
        12153.85218119820   -0.006461584
        12148.97091573024   -0.007592760
        12144.08980302165   -0.002324647
        12139.20884306551   -0.006555675
        12134.32803585442   -0.005244412
        12129.44738138133   -0.005976140
        12124.56687963912   -0.003775897
        12119.68653062039   -0.002263895
        12114.80633431830   -0.004535841
        12109.92629072538   -0.002636702
        12105.04639983471   -0.002481864
        12100.16666163898   -0.002771139
        12095.28707613099   -0.002243984
        12090.40764330374   -0.001147523
        12085.52836314986   0.0005404019
        12080.64923566236  -0.0004214340
        12075.77026083397   -0.002466239
        12070.89143865757   -0.002000717
        12066.01276912591    0.002402750
        12061.13425223200  -0.0007914387
        12056.25588796852   -0.001189950
        12051.37767632834    0.003341261
        12046.49961730435  -0.0003575207
        12041.62171088934   0.0001539203
        12036.74395707621    0.003234237
        12031.86635585769    0.001473683
        12026.98890722679    0.002376567
        12022.11161117619  -0.0007012718
        12017.23446769871    0.001814989
        12012.35747678741   0.0007455082
        12007.48063843485   -0.003034042
        12002.60395263410   -0.001046544
        11997.72741937784    0.001017345
        11992.85103865907    0.001969388
        11987.97481047048   0.0009826905
        11983.09873480502   5.193868e-05
        11978.22281165548    0.002459095
        11973.34704101468    0.001312023
        11968.47142287557    0.001018431
        11963.59595723083   -0.002705354
        11958.72064407352  -0.0009603279
        11953.84548339626    0.001843239
        11948.97047519213    0.003371479
        11944.09561945381  -0.0005134666
        11939.22091617417    0.002557173
        11934.34636534609  -0.0007884900
        11929.47196696239    0.001444571
        11924.59772101599    0.002758420
        11919.72362749959   0.0002108243
        11914.84968640626  -0.0004743531
        11909.97589772868   -0.001761551
        11905.10226145972   -0.001584989
        11900.22877759226   -0.002640096
        11895.35544611918  -5.664534e-05
        11890.48226703329   0.0007717626
        11885.60924032740   -0.001810247
        11880.73636599452   -0.001288425
        11875.86364402740    0.001228151
        11870.99107441878  -0.0003054323
        11866.11865716173   -0.001260419
        11861.24639224893   -0.003498171
        11856.37427967340  -0.0009235368
        11851.50231942782  -0.0004127744
        11846.63051150518  -0.0008984594
        11841.75885589831   0.0006290118
        11836.88735260001   -0.001003176
        11832.01600160316   -0.003012638
        11827.14480290064    0.001840824
        11822.27375648533    0.001319369
        11817.40286235003    0.001182635
        11812.53212048763  -0.0006751518
        11807.66153089093   -0.001956123
        11802.79109355294  -0.0006567608
        11797.92080846642   0.0009487609
        11793.05067562416   0.0002947102
        11788.18069501912    0.001231592
        11783.31086664416    0.002736105
        11778.44119049211   3.027591e-05
        11773.57166655584   0.0002188602
        11768.70229482829   -0.001891521
        11763.83307530215   -0.001770675
        11758.96400797047    0.001477939
        11754.09509282603   -0.001907734
        11749.22632986161   0.0006101851
        11744.35771907023  -0.0001510429
        11739.48926044465    0.003573964
        11734.62095397779   -0.001200612
        11729.75279966247  -0.0009977294
        11724.88479749165  -0.0009592881
        11720.01694745818   0.0002696219
        11715.14924955475  -0.0008644459
        11710.28170377444  -0.0002053101
        11705.41431010999   -0.001362149
        11700.54706855435  -0.0004372103
        11695.67997910039   0.0004255653
        11690.81304174092   -0.003833505
        11685.94625646889   -0.002106593
        11681.07962327704   -0.004348277
        11676.21314215838   0.0006690549
        11671.34681310566    0.001495043
        11666.48063611189   -0.001451312
        11661.61461116980   0.0009007562
        11656.74873827242   0.0008755994
        11651.88301741248    0.003806315
        11647.01744858300   0.0003081865
        11642.15203177671  -0.0003387777
        11637.28676698651   -0.001401799
        11632.42165420532   0.0007828204
        11627.55669342604   -0.001826243
        11622.69188464152  -0.0003973665
        11617.82722784453    0.002235355
        11612.96272302814  -9.821264e-05
        11608.09837018515   0.0007015610
        11603.23416930838    0.001332935
        11598.37012039077   -0.002280089
        11593.50622342513   0.0004550128
        11588.64247840448  -0.0005731141
        11583.77888532149    0.003988655
        11578.91544416930    0.001234626
        11574.05215494060   0.0001671288
        11569.18901762825   0.0002592962
        11564.32603222528   -0.002039812
        11559.46319872448  -0.0009446544
        11554.60051711874  -0.0001723748
        11549.73798740094    0.001144656
        11544.87560956401  -0.0003303580
        11540.01338360078  -0.0002383860
        11535.15130950418   -0.002220315
        11530.28938726708  -0.0006251298
        11525.42761688231  -0.0005567739
        11520.56599834288  -9.730884e-05
        11515.70453164152   0.0007165949
        11510.84321677124   0.0006973929
        11505.98205372486   0.0008256387
        11501.12104249533  -0.0001354284
        11496.26018307544  -0.0008929690
        11491.39947545815   0.0003230771
        11486.53891963640   -0.002702374
        11481.67851560294    0.001182371
        11476.81826335076  -0.0008469750
        11471.95816287270  -0.0009994428
        11467.09821416175   0.0004650382
        11462.23841721065  -0.0003302906
        11457.37877201243  -0.0008746728
        11452.51927855989   -0.002449194
        11447.65993684591   -0.004464516
        11442.80074686349    0.001112947
        11437.94170860545  -0.0009764257
        11433.08282206467   -0.002594701
        11428.22408723410   -0.001496041
        11423.36550410659   -0.004614620
        11418.50707267511   0.0001177796
        11413.64879293240    0.001407129
        11408.79066487152   -0.003382982
        11403.93268848524   -0.002191389
        11399.07486376655   0.0006950913
        11394.21719070827   -0.001543585
        11389.35966930341   -0.002238207
        11384.50229954477    0.001520877
        11379.64508142525    0.003688192
        11374.78801493784    0.002391205
        11369.93110007529    0.002590247
        11365.07433683061  -0.0002983816
        11360.21772519668  -0.0009742000
        11355.36126516645    0.001278098
        11350.50495673271   -0.002331047
        11345.64879988843  -0.0007316741
        11340.79279462653    0.002028659
        11335.93694093984   0.0007121982
        11331.08123882136    0.001304626
        11326.22568826390  -0.0004691964
        11321.37028926048   -0.001749213
        11316.51504180383    0.001021460
        11311.65994588704  -0.0005435525
        11306.80500150291  -0.0007286216
        11301.95020864433    0.002168336
        11297.09556730430    0.003796149
        11292.24107747556   0.0002216444
        11287.38673915127    0.003365105
        11282.53255232410    0.001107931
        11277.67851698711    0.001216940
        11272.82463313314   0.0008967385
        11267.97090075505  -0.0006691352
        11263.11731984592   -0.002972226
        11258.26389039843   -0.001031328
        11253.41061240572   -0.001207211
        11248.55748586054   -0.001773565
        11243.70451075582   0.0003243746
        11238.85168708452   -0.001373406
        11233.99901483958   0.0007901011
        11229.14649401387    0.004129331
        11224.29412460027    0.001883314
        11219.44190659173    0.002107699
        11214.58983998112    0.001855701
        11209.73792476152  -0.0002812897
        11204.88616092554    0.001566106
        11200.03454846640   0.0004201951
        11195.18308737689    0.001650161
        11190.33177764984   -0.003111938
        11185.48061927832   -0.001033597
        11180.62961225514    0.002114265
        11175.77875657331  -0.0003789172
        11170.92805222564   -0.002551776
        11166.07749920514    0.001215476
        11161.22709750462  -0.0003963359
        11156.37684711717  -0.0001923497
        11151.52674803559   -0.001155409
        11146.67680025275  -0.0009760126
        11141.82700376167    0.001320837
        11136.97735855523  -9.597586e-05
        11132.12786462637    0.001951283
        11127.27852196803    0.001510790
        11122.42933057309    0.002217529
        11117.58029043449   0.0003023311
        11112.73140154512  -0.0007091548
        11107.88266389798   0.0003150844
        11103.03407748595  -0.0005102712
        11098.18564230191  -0.0005902597
        11093.33735833886   0.0001844924
        11088.48922558968   -0.002344727
        11083.64124404733   -0.001519265
        11078.79341370467  -0.0002424504
        11073.94573455478    0.001274748
        11069.09820659035    0.001701852
        11064.25082980451   0.0009795583
        11059.40360419007    0.001096015
        11054.55652974005   -0.002163328
        11049.70960644732   -0.001159193
        11044.86283430482   -0.001619136
        11040.01621330551   0.0004050392
        11035.16974344219   0.0008795921
        11030.32342470800   0.0005986586
        11025.47725709569    0.001189720
        11020.63124059833  -0.0003803531
        11015.78537520868   -0.002743052
        11010.93966091993  -0.0007973123
        11006.09409772477   0.0004653583
        11001.24868561621  -0.0002195203
        10996.40342458726    0.001444096
        10991.55831463073   0.0004971066
        10986.71335573969    0.002915105
        10981.86854790689    0.001325029
        10977.02389112548    0.003289909
        10972.17938538826    0.003395747
        10967.33503068818    0.003982528
        10962.49082701825    0.003840861
        10957.64677437128    0.003470972
        10952.80287274034    0.003683119
        10947.95912211825    0.008221281
        10943.11552249809    0.005488402
        10938.27207387266    0.006481346
        10933.42877623498    0.004587091
        10928.58562957798    0.005250392
        10923.74263389455    0.006382763
        10918.89978917770    0.008280654
        10914.05709542030    0.006875843
        10909.21455261537    0.006827983
        10904.37216075578    0.005487553
        10899.52991983455    0.005602806
        10894.68782984460    0.007803202
        10889.84589077877    0.008214165
        10885.00410263012    0.009395738
        10880.16246539153     0.01120172
        10875.32097905601    0.009086552
        10870.47964361644    0.008123605
        10865.63845906584    0.009710519
        10860.79742539706     0.01388957
        10855.95654260314     0.01162770
        10851.11581067701     0.01230638
        10846.27522961154    0.009779232
        10841.43479939976     0.01210246
        10836.59452003452     0.01216678
        10831.75439150893     0.01155092
        10826.91441381578     0.01332248
        10822.07458694808     0.01289330
        10817.23491089884     0.01245117
        10812.39538566088     0.01179239
        10807.55601122728     0.01296185
        10802.71678759090     0.01349962
        10797.87771474483     0.01507271
        10793.03879268181     0.01353325
        10788.20002139492     0.01272313
        10783.36140087717     0.01530885
        10778.52293112137     0.01437714
        10773.68461212059     0.01530596
        10768.84644386765    0.008906140
        10764.00842635569     0.01039560
        10759.17055957752     0.01438833
        10754.33284352616     0.01182618
        10749.49527819454     0.01191222
        10744.65786357567    0.006773114
        10739.82059966244    0.006099914
        10734.98348644778    0.006894188
        10730.14652392478    0.006983712
        10725.30971208625     0.01052010
        10720.47305092532    0.009563101
        10715.63654043474    0.006818758
        10710.80018060760    0.006098994
        10705.96397143689    0.007726534
        10701.12791291544    0.005414387
        10696.29200503631    0.006182515
        10691.45624779245    0.006293715
        10686.62064117681   0.0004642008
        10681.78518518233    0.003586873
        10676.94987980202    0.003559580
        10672.11472502888    0.001468807
        10667.27972085568    0.003307870
        10662.44486727560    0.003122053
        10657.61016428148    0.002088247
        10652.77561186637    0.003517392
        10647.94121002316    0.002073657
        10643.10695874487   0.0004244053
        10638.27285802443    0.001319433
        10633.43890785478   0.0001065123
        10628.60510822901   5.586910e-05
        10623.77145913993   -0.001190624
        10618.93796058060  -1.174494e-05
        10614.10461254399   0.0008514713
        10609.27141502309   0.0006658090
        10604.43836801072    0.002745310
        10599.60547150002   0.0009416270
        10594.77272548393   0.0004678434
        10589.94012995533    0.001254174
        10585.10768490731  -0.0005997795
        10580.27539033273    0.003598369
        10575.44324622461  -0.0002607563
        10570.61125257595   -0.002914439
        10565.77940937971   -0.002857507
        10560.94771662876   -0.001445171
        10556.11617431630    0.001521516
        10551.28478243509    0.001373075
        10546.45354097819   0.0002703403
        10541.62244993863  -0.0003198478
        10536.79150930921   -0.002165766
        10531.96071908314   -0.002216407
        10527.13007925316    0.001604358
        10522.29958981249    0.003007638
        10517.46925075393    0.001984932
        10512.63906207044    0.002940964
        10507.80902375515  -0.0001871621
        10502.97913580094    0.002159494
        10498.14939820075   -0.002089191
        10493.31981094767  -9.892121e-05
        10488.49037403463   0.0009872179
        10483.66108745458   6.180739e-06
        10478.83195120047    0.002173814
        10474.00296526543  -6.440761e-05
        10469.17412964228    0.001029341
        10464.34544432409    0.001349995
        10459.51690930381  -0.0006573146
        10454.68852457445  -0.0004085078
        10449.86029012896    0.001442245
        10445.03220596034  -0.0003400762
        10440.20427206160    0.001716720
        10435.37648842569   -0.002472830
        10430.54885504561  -0.0002113761
        10425.72137191425   4.485656e-05
        10420.89403902482  -0.0003183087
        10416.06685637006  -0.0007719787
        10411.23982394317    0.002244873
        10406.41294173698   -0.001764825
        10401.58620974448    0.002997705
        10396.75962795884   -0.001467513
        10391.93319637278   -0.001544326
        10387.10691497951    0.001068246
        10382.28078377193    0.001628803
        10377.45480274303   0.0008783634
        10372.62897188583    0.002048030
        10367.80329119327   -0.003223850
        10362.97776065843   -0.002285517
        10358.15238027418  -0.0002380570
        10353.32715003360  -0.0006364936
        10348.50206992957   -0.001809262
        10343.67713995531   -0.001713018
        10338.85236010354  -0.0002912299
        10334.02773036749   0.0009304796
        10329.20325074004    0.001652937
        10324.37892121411   0.0001780706
        10319.55474178287   0.0001784671
        10314.73071243918    0.002111675
        10309.90683317612    0.001155016
        10305.08310398658    0.001771745
        10300.25952486368  -2.702468e-05
        10295.43609580032   -0.001720350
        10290.61281678957   -0.001878834
        10285.78968782443    0.001494646
        10280.96670889779    0.002224192
        10276.14388000279    0.001037602
        10271.32120113230    0.001258845
        10266.49867227942    0.001257613
        10261.67629343706    0.003118360
        10256.85406459839  -0.0002839644
        10252.03198575628  -0.0007219248
        10247.21005690367    0.001105662
        10242.38827803370   0.0007333147
        10237.56664913926   -0.002536638
        10232.74517021342  -0.0007256034
        10227.92384124918   0.0005315589
        10223.10266223951   0.0004662882
        10218.28163317753   -0.002221101
        10213.46075405606    0.001280435
        10208.64002486824    0.001003866
        10203.81944560695  -0.0002511377
        10198.99901626533    0.001022540
        10194.17873683633  -0.0002883949
        10189.35860731303  -0.0007120955
        10184.53862768829    0.003111074
        10179.71879795521   0.0006174871
        10174.89911810678    0.001197208
        10170.07958813602    0.003057284
        10165.26020803594  -0.0003226045
        10160.44097779956   0.0004500957
        10155.62189741987   0.0007988684
        10150.80296688982    0.002239327
        10145.98418620250  -0.0007013123
        10141.16555535098   -0.001151696
        10136.34707432806  -0.0007221370
        10131.52874312703  -0.0002711752
        10126.71056174063   -0.002402780
        10121.89253016207    0.001875427
        10117.07464838430   -0.002103124
        10112.25691640032  -0.0002106695
        10107.43933420321   -0.001042188
        10102.62190178585   -0.002896630
        10097.80461914138   -0.002646032
        10092.98748626268    0.001340478
        10088.17050314296   0.0008793238
        10083.35366977503    0.002904346
        10078.53698615210   0.0007628166
        10073.72045226705    0.001140137
        10068.90406811295   0.0003268130
        10064.08783368282  -0.0005131966
        10059.27174896966   -0.001215535
        10054.45581396649   0.0001928719
        10049.64002866632  -0.0003301351
        10044.82439306222  -0.0003127003
        10040.00890714721   -0.002489012
        10035.19357091422  -0.0008130076
        10030.37838435640   -0.001809359
        10025.56334746664   0.0002407833
        10020.74846023800   0.0003417297
        10015.93372266356   -0.001163693
        10011.11913473633  -0.0001912319
        10006.30469644926   -0.004179858
        10001.49040779549  -0.0008536632
        9996.676268767969  -0.0008293094
        9991.862279359701   -0.002213276
        9987.048439563763   -0.004482253
        9982.234749373103   -0.001908897
        9977.421208780861  -0.0002392417
        9972.607817779981   0.0002086803
        9967.794576363543  -0.0001336510
        9962.981484524487   0.0007996192
        9958.168542255960    0.001487495
        9953.355749550972   -0.003095178
        9948.543106402398   7.489558e-05
        9943.730612803451   2.579552e-05
        9938.918268747071   0.0004845180
        9934.106074226338   -0.001152489
        9929.294029234130  -0.0009509973
        9924.482133763720   -0.002965688
        9919.670387807992    0.002530781
        9914.858791359948   0.0003154748
        9910.047344412736   -0.002162462
        9905.236046959302   -0.002586114
        9900.424898992718   0.0007189648
        9895.613900505932   0.0006734150
        9890.803051492150   0.0001134444
        9885.992351944255   -0.001484879
        9881.181801855320   -0.001445353
        9876.371401218421   -0.002873846
        9871.561150026506   -0.001542660
        9866.751048272716   -0.001744900
        9861.941095949995   -0.002235502
        9857.131293051485   0.0001414625
        9852.321639570067    0.002850934
        9847.512135498948  -0.0003074240
        9842.702780831140    0.001754609
        9837.893575559519  -0.0004230803
        9833.084519677297   1.231519e-06
        9828.275613177417    0.002411108
        9823.466856053021   0.0001760722
        9818.658248297057   -0.003506768
        9813.849789902595   1.734968e-05
        9809.041480862656   0.0003428635
        9804.233321170304   -0.001649667
        9799.425310818628  -0.0004612067
        9794.617449800497   -0.001101063
        9789.809738109192    0.001036644
        9785.002175737587   0.0007365132
        9780.194762678762  -0.0008227314
        9775.387498925797   -0.001115020
        9770.580384471759  -0.0004208040
        9765.773419309600   -0.002258277
        9760.966603432396    0.002665232
        9756.159936833290  -2.393113e-05
        9751.353419505223   0.0007215398
        9746.547051441277   0.0001413351
        9741.740832634392   0.0003284399
        9736.934763077847    0.002865507
        9732.128842764516  -0.0009866928
        9727.323071687479  -8.983290e-05
        9722.517449839812   -0.001668800
        9717.711977214527  -0.0009021487
        9712.906653804697   -0.002172459
        9708.101479603338   -0.001600475
        9703.296454603587   0.0008284766
        9698.491578798461   -0.002308711
        9693.686852180901  -0.0008961727
        9688.882274744117    0.001802184
        9684.077846481054   0.0006338183
        9679.273567384853  -0.0002401388
        9674.469437448459  -5.830010e-05
        9669.665456665081    0.001132031
        9664.861625027601  -5.050383e-06
        9660.057942529158    0.001273147
        9655.254409162830    0.001975558
        9650.451024921562  -0.0006698593
        9645.647789798564    0.003077380
        9640.844703786777   0.0004759842
        9636.041766879351   -0.001008517
        9631.238979069221   0.0007906751
        9626.436340349539    0.001298826
        9621.633850713375   0.0002690136
        9616.831510153677    0.002181240
        9612.029318663655    0.002148822
        9607.227276236186    0.001099975
        9602.425382864547  -0.0001685939
        9597.623638541612  -0.0004602377
        9592.822043260529  -0.0003375759
        9588.020597014371    0.002497439
        9583.219299796086    0.002802487
        9578.418151598882    0.002658730
        9573.617152415769  -0.0007844717
        9568.816302239826  -0.0009653774
        9564.015601063993  -0.0004874556
        9559.215048881484    0.002843789
        9554.414645685307    0.001572872
        9549.614391468542  -0.0009690479
        9544.814286224262   -0.001773334
        9540.014329945481   -0.001073110
        9535.214522625340  -0.0002685786
        9530.414864256785  -0.0005372501
        9525.615354833024   0.0001283359
        9520.815994347002   0.0003744519
        9516.016782791863    0.001714621
        9511.217720160681  -7.687810e-05
        9506.418806446472   -0.002446225
        9501.620041642374   -0.001221822
        9496.821425741335   -0.002982061
        9492.022958736565   -0.001102433
        9487.224640621005   0.0006335343
        9482.426471387866   -0.001845564
        9477.628451030090   -0.003667475
        9472.830579540827   -0.002025384
        9468.032856913147   -0.004417246
        9463.235283140064   -0.005148908
        9458.437858214722   -0.003231215
        9453.640582130061   0.0005734513
        9448.843454879365   -0.001177635
        9444.046476455502   -0.001647525
        9439.249646851691   -0.002237086
        9434.452966061002   -0.005108619
        9429.656434076316   -0.004392691
        9424.860050890977   -0.005775355
        9420.063816497859   -0.005275507
        9415.267730890240   -0.004978206
        9410.471794060932   -0.006301144
