Scan:     82      F22389+3359 2010-05-22 +14 50 59.0
         OPTICAL                 Jy    
        km/s-BAR                 I
        7794.614135505231   -0.004878552
        7789.868273014859    0.003818316
        7785.122556973274    0.003724691
        7780.376987373620  -0.0004819342
        7775.631564209041    0.006541273
        7770.886287472880    0.002122853
        7766.141157158280  -0.0007063511
        7761.396173258519  -9.545849e-05
        7756.651335766741  -0.0002844320
        7751.906644676221   0.0008741926
        7747.162099980235   -0.005205960
        7742.417701671928   -0.005332529
        7737.673449744578   -0.006696135
        7732.929344191326   -0.005032990
        7728.185385005516   -0.004930221
        7723.441572180292   -0.002197512
        7718.697905708931   0.0003268040
        7713.954385584577   -0.002244610
        7709.211011800571   -0.001401955
        7704.467784350059   -0.002699093
        7699.724703226317   0.0001423624
        7694.981768422488  -0.0007411240
        7690.238979931915    0.001877764
        7685.496337747810  -0.0003158631
        7680.753841863380    0.001597741
        7676.011492271706    0.001888229
        7671.269288966261   0.0001610331
        7666.527231940189   -0.001798767
        7661.785321186702    0.001007247
        7657.043556699010   0.0001504040
        7652.301938470388    0.002211336
        7647.560466494047   0.0007245660
        7642.819140763263   -0.001359067
        7638.077961271180    0.002391012
        7633.336928011144    0.001616786
        7628.596040976294  -0.0001006290
        7623.855300159975   -0.001049394
        7619.114705555266  -0.0004696504
        7614.374257155507  -0.0001201481
        7609.633954953910  -8.372380e-05
        7604.893798943753  -0.0003760864
        7600.153789118175    0.001731183
        7595.413925470591   -0.001362252
        7590.674207994076    0.001321845
        7585.934636681906    0.002685410
        7581.195211527292    0.001122181
        7576.455932523576   0.0003758085
        7571.716799663903  -0.0004977566
        7566.977812941549   -0.001921372
        7562.238972349725  -0.0002660733
        7557.500277881707  -0.0001805361
        7552.761729530771    0.001153969
        7548.023327290129   0.0002894761
        7543.285071152923   0.0009092191
        7538.546961112564   -0.001326568
        7533.808997162193   5.766293e-05
        7529.071179295090   0.0001170509
        7524.333507504397   -0.003040715
        7519.595981783524   -0.001813660
        7514.858602125614  -0.0005896698
        7510.121368523945   -0.001373176
        7505.384280971725  -0.0008556260
        7500.647339462234   -0.002235745
        7495.910543988745   -0.001876121
        7491.173894544472  -0.0003574645
        7486.437391122621   0.0009393072
        7481.701033716473    0.001670056
        7476.964822319301   -0.001832996
        7472.228756924384   -0.001277040
        7467.492837524863   0.0008107136
        7462.757064114085    0.001382727
        7458.021436685257   0.0005916838
        7453.285955231590  -0.0009479527
        7448.550619746362  -0.0002570098
        7443.815430222915  -0.0001745312
        7439.080386654392   0.0007519396
        7434.345489034137   -0.001266115
        7429.610737355229  -0.0006251722
        7424.876131611140   -0.001004264
        7420.141671794952    0.001228172
        7415.407357900004   -0.001464508
        7410.673189919509   -0.001888754
        7405.939167846808  -0.0007045938
        7401.205291675047   -0.003913922
        7396.471561397568  -0.0001552875
        7391.737977007514  -0.0005170116
        7387.004538498229    0.001417723
        7382.271245862989   -0.001145953
        7377.538099095005   -0.001127580
        7372.805098187488    0.003609167
        7368.072243133844  -0.0002680248
        7363.339533927222   0.0004165234
        7358.606970560828  -0.0001441040
        7353.874553028007   0.0005323118
        7349.142281322035    0.001473630
        7344.410155436123    0.003137343
        7339.678175363547    0.001529250
        7334.946341097517    0.001925966
        7330.214652631444    0.001225785
        7325.483109958403  -0.0001446631
        7320.751713071806    0.003274144
        7316.020461964728    0.001762809
        7311.289356630647    0.002201719
        7306.558397062773   0.0007257225
        7301.827583254315    0.003307348
        7297.096915198417    0.001290311
        7292.366392888624  -3.110791e-05
        7287.636016318009   0.0009353718
        7282.905785479919   -0.001301814
        7278.175700367496   0.0004272372
        7273.445760974148   -0.001104858
        7268.715967293089   -0.001044443
        7263.986319317593   0.0004547297
        7259.256817040871   0.0009723357
        7254.527460456266    0.002887151
        7249.798249557055    0.001286556
        7245.069184336381   -0.001281858
        7240.340264787655   0.0001106568
        7235.611490904085   -0.001047825
        7230.882862678951  -0.0002742187
        7226.154380105527   0.0003861961
        7221.426043177024   0.0008768027
        7216.697851886851   -0.002403420
        7211.969806228152   0.0005388817
        7207.241906194273   0.0009564347
        7202.514151778352    0.001352913
        7197.786542973804  -0.0005661768
        7193.059079773904   -0.001267210
        7188.331762171928    0.001208426
        7183.604590160953    0.001648689
        7178.877563734522  -0.0003677394
        7174.150682885780  -0.0003755287
        7169.423947608002   -0.001633748
        7164.697357894465    0.002556545
        7159.970913738446   0.0005768781
        7155.244615133223  -0.0009446025
        7150.518462072137   -0.002339108
        7145.792454548334  -0.0005982421
        7141.066592555221   3.526568e-05
        7136.340876086009  -0.0005257782
        7131.615305134043   0.0005824475
        7126.889879692466   0.0006005053
        7122.164599754687   8.082372e-05
        7117.439465313915   0.0003270333
        7112.714476363429   -0.001377399
        7107.989632896571  -0.0006633395
        7103.264934906551   0.0006879637
        7098.540382386715   0.0002312587
        7093.815975330336   0.0007262750
        7089.091713730559   -0.003316735
        7084.367597580926   -0.001326669
        7079.643626874516   -0.001827044
        7074.919801604672    0.001040972
        7070.196121764603   0.0004663690
        7065.472587347786   -0.002531897
        7060.749198347296  -0.0007455670
        7056.025954756614   0.0004861180
        7051.302856568813   -0.003835311
        7046.579903777303  -0.0001911317
        7041.857096375430    0.001015080
        7037.134434356334   0.0004549640
        7032.411917713363   -0.004556595
        7027.689546439856  -0.0005796069
        7022.967320529023   -0.001380837
        7018.245239974277    0.001622676
        7013.523304768693   0.0006616102
        7008.801514905749   0.0002298130
        7004.079870378652  -0.0005121619
        6999.358371180749    0.002197151
        6994.637017305247    0.002168220
        6989.915808745492    0.003030266
        6985.194745494758  -0.0008759688
        6980.473827546390  -0.0004609138
        6975.753054893532   -0.001746225
        6971.032427529658    0.001940348
        6966.311945447981   -0.002090468
        6961.591608641842  -0.0008515544
        6956.871417104387   0.0002153512
        6952.151370829023   -0.001506644
        6947.431469809096   -0.002307965
        6942.711714037813    0.001192188
        6937.992103508454  -0.0001961971
        6933.272638214361   0.0003269559
        6928.553318148810   0.0006310100
        6923.834143305145  -6.194462e-05
        6919.115113676641    0.002790032
        6914.396229256577   -0.002606222
        6909.677490038229  -0.0001063492
        6904.958896014940   0.0009138872
        6900.240447179987    0.002046053
        6895.522143526647   0.0004355128
        6890.803985048262   0.0007493025
        6886.085971738175   -0.001345663
        6881.368103589599   0.0002018638
        6876.650380595809    0.001637714
        6871.932802750148   0.0006860941
        6867.215370046025   0.0006321334
        6862.498082476585  -0.0001371501
        6857.780940035171  -3.485948e-05
        6853.063942715126  -0.0008527802
        6848.347090509794   -0.001052246
        6843.630383412385   -0.001036543
        6838.913821416173   0.0004211839
        6834.197404514572   0.0001762390
        6829.481132700856   0.0002076910
        6824.765005968303    0.002715264
        6820.049024310189  -0.0001019537
        6815.333187719923   0.0005955494
        6810.617496190785   0.0008388459
        6805.901949715981   -0.001274447
        6801.186548288856  -0.0009620558
        6796.471291902753   0.0008114020
        6791.756180551018  -0.0007575306
        6787.041214226924    0.001231724
        6782.326392923749  -3.768314e-05
        6777.611716634836  -0.0008797002
        6772.897185353462   0.0005606791
        6768.182799072972   0.0006129258
        6763.468557786638   3.441251e-05
        6758.754461487809  -0.0005334053
        6754.040510169824  -0.0007983110
        6749.326703825895   -0.001774088
        6744.613042449367   0.0004082531
        6739.899526033645    0.001221043
        6735.186154571944   -0.001683178
        6730.472928057670  -0.0002360497
        6725.759846483969   -0.003441133
        6721.046909844317   -0.002467489
        6716.334118131990   -0.001180166
        6711.621471340333    0.002497054
        6706.908969462487   -0.001059523
        6702.196612491997   -0.001838399
        6697.484400422072  -6.897004e-05
        6692.772333245989   -0.001261159
        6688.060410957091   -0.001054032
        6683.348633548789    0.001549374
        6678.637001014358   0.0003632842
        6673.925513347011   0.0001482382
        6669.214170540154   8.548842e-05
        6664.502972587065   0.0008287860
        6659.791919481157    0.001402173
        6655.081011215701   -0.002719816
        6650.370247783913  -0.0002371549
        6645.659629179266    0.001635915
        6640.949155395037    0.001145511
        6636.238826424503    0.003044863
        6631.528642261007    0.004865794
        6626.818602897893    0.003455107
        6622.108708328437    0.002867267
        6617.398958546049    0.003373286
        6612.689353543941    0.003706007
        6607.979893315519    0.004732659
        6603.270577854063    0.004481935
        6598.561407152982    0.003930568
        6593.852381205418    0.003873617
        6589.143500004917  -0.0009010661
        6584.434763544685    0.001252677
        6579.726171818069    0.001065040
        6575.017724818345    0.003486668
        6570.309422538920    0.002959578
        6565.601264973141    0.001476166
        6560.893252114217    0.004002636
        6556.185383955556    0.001890084
        6551.477660490504    0.005113509
        6546.770081712401    0.005807124
        6542.062647614461    0.005364188
        6537.355358190091    0.006682031
        6532.648213432703    0.006032770
        6527.941213335504    0.005190191
        6523.234357891907    0.005799619
        6518.527647095119    0.007197051
        6513.821080938620    0.007192071
        6509.114659415685    0.004053867
        6504.408382519658    0.006647322
        6499.702250243813    0.007126201
        6494.996262581630    0.005827518
        6490.290419526249    0.006614268
        6485.584721071150    0.009517669
        6480.879167209540    0.008762545
        6476.173757934966    0.006461236
        6471.468493240566    0.009970446
        6466.763373119755    0.007510247
        6462.058397565806    0.008726713
        6457.353566572132    0.007187967
        6452.648880132073    0.009061032
        6447.944338238908    0.009809340
        6443.239940885980     0.01136834
        6438.535688066764     0.01280463
        6433.831579774406     0.01143856
        6429.127616002380     0.01246555
        6424.423796743897     0.01226296
        6419.720121992434     0.01046837
        6415.016591741267    0.009071893
        6410.313205983806    0.009441743
        6405.609964713195     0.01080744
        6400.906867923043    0.006433228
        6396.203915606494    0.008452020
        6391.501107757023    0.009900727
        6386.798444367842    0.009125541
        6382.095925432361    0.009957611
        6377.393550943988     0.01013182
        6372.691320896001    0.007592619
        6367.989235281677    0.007262755
        6363.287294094491    0.007266241
        6358.585497327721    0.007547021
        6353.883844974775    0.008784371
        6349.182337028866    0.007949495
        6344.480973483467    0.006503013
        6339.779754331858    0.007162238
        6335.078679567448    0.006330394
        6330.377749183513    0.002214284
        6325.676963173461    0.002597424
        6320.976321530638    0.001940414
        6316.275824248388    0.001883511
        6311.575471319918    0.002798500
        6306.875262738839    0.004375375
        6302.175198498363    0.001178576
        6297.475278591830   1.509759e-06
        6292.775503012585  -0.0003454963
        6288.075871753972   0.0006919379
        6283.376384809466    0.001634347
        6278.677042172278    0.003575213
        6273.977843835817    0.002698964
        6269.278789793426    0.002520828
        6264.579880038516   0.0004233826
        6259.881114564364  -0.0005141982
        6255.182493364313   0.0006541006
        6250.484016431771    0.002331602
        6245.785683760149    0.001664563
        6241.087495342659  -0.0001394742
        6236.389451172709    0.002049592
        6231.691551243774    0.002352050
        6226.993795549067    0.002042282
        6222.296184081997   -0.002874585
        6217.598716835906   -0.003007937
        6212.901393804204  -0.0006210402
        6208.204214980170   -0.001507138
        6203.507180357277  -0.0007190066
        6198.810289928739  -0.0008128091
        6194.113543688029   -0.001469289
        6189.416941628426    0.001194686
        6184.720483743404   0.0007693939
        6180.024170026176   0.0006387232
        6175.328000470283    0.002341364
        6170.631975068935    0.001665899
        6165.936093815543   6.753944e-05
        6161.240356703451  -0.0003592879
        6156.544763726066  -0.0008604534
        6151.849314876733   -0.001060092
        6147.154010148864   -0.001496552
        6142.458849535665    0.001051141
        6137.763833030680    0.001602035
        6133.068960627254  -0.0001126136
        6128.374232318663   -0.001611695
        6123.679648098250   2.230440e-05
        6118.985207959492   0.0009459280
        6114.290911895731   0.0005347820
        6109.596759900311    0.001504297
        6104.902751966576    0.001091148
        6100.208888087935    0.002106319
        6095.515168257731    0.001875417
        6090.821592469375    0.001739765
        6086.128160716208    0.002032020
        6081.434872991510   0.0008426215
        6076.741729288821   0.0008263377
        6072.048729601420   -0.002908164
        6067.355873922714  -0.0001520840
        6062.663162245916   -0.001654193
        6057.970594564635  -1.166821e-06
        6053.278170872146  -0.0004687706
        6048.585891161861   -0.002294944
        6043.893755426988  -0.0002607615
        6039.201763661072   -0.001592677
        6034.509915857455   -0.001325526
        6029.818212009480  -0.0002118167
        6025.126652110492   -0.002086501
        6020.435236153965   0.0009567326
        6015.743964133178    0.001261020
        6011.052836041606   -0.001836339
        6006.361851872459   -0.002370795
        6001.671011619282    0.002067121
        5996.980315275416    0.002796538
        5992.289762834204    0.001770100
        5987.599354288992    0.003935810
        5982.909089633186   0.0004683904
        5978.218968860267    0.001491442
        5973.528991963441    0.002191910
        5968.839158936186    0.001533859
        5964.149469771914    0.001211082
        5959.459924463897    0.001293550
        5954.770523005616   -0.002536451
        5950.081265390411   -0.002196467
        5945.392151611627   -0.002628091
        5940.703181662740   -0.002488109
        5936.014355537093   7.240366e-05
        5931.325673228030    0.001591858
        5926.637134728961   -0.002285027
        5921.948740033227  -0.0003902712
        5917.260489134307   0.0009045723
        5912.572382025476   -0.001011282
        5907.884418700212   0.0002914026
        5903.196599151925   4.366911e-05
        5898.508923373888  -0.0003075218
        5893.821391359448  -0.0009883522
        5889.134003102214   -0.002017244
        5884.446758595396   -0.001738845
        5879.759657832403   0.0005749274
        5875.072700806645  -0.0005566319
        5870.385887511533   -0.002980134
        5865.699217940475  -0.0007440599
        5861.012692086749   -0.001213054
        5856.326309943831   0.0007550030
        5851.640071505130  -0.0007548464
        5846.953976763925   0.0001523168
        5842.268025713757   -0.001159769
        5837.582218347904   -0.002012428
        5832.896554659841  -0.0001056905
        5828.211034642845   0.0005600668
        5823.525658290460   -0.004105256
        5818.840425595897  -0.0008413091
        5814.155336552695   0.0008316499
        5809.470391154201  -0.0001217723
        5804.785589393823   0.0008917953
        5800.100931264905   -0.001406120
        5795.416416760923   0.0005270521
        5790.732045875221   -0.001415636
        5786.047818601209   0.0001339883
        5781.363734932229   -0.002100426
        5776.679794861758   -0.004160251
        5771.995998383140  -0.0006515984
        5767.312345489850  -0.0006720597
        5762.628836175099   -0.001252459
        5757.945470432495   -0.002653978
        5753.262248255385   -0.001603256
        5748.579169637042  -0.0005587948
        5743.896234571011  -0.0009463029
        5739.213443050634  -0.0008574958
        5734.530795069322   0.0007396609
        5729.848290620484   0.0001671415
        5725.165929697464    0.001668132
        5720.483712293738   0.0006731519
        5715.801638402649   -0.001113380
        5711.119708017673  -0.0001001744
        5706.437921132087   -0.001152355
        5701.756277739436   0.0007760089
        5697.074777832994   0.0006489939
        5692.393421406306   0.0009910961
        5687.712208452646   -0.001308306
        5683.031138965493   -0.003473669
        5678.350212938190   -0.001372560
        5673.669430364278   0.0002274323
        5668.988791236970    0.002420274
        5664.308295549807    0.002454195
        5659.627943296132   0.0001285362
        5654.947734469422    0.003349265
        5650.267669062954    0.001985468
        5645.587747070338   -0.001658671
        5640.907968484784  -0.0008872997
        5636.228333299832    0.001380591
        5631.548841508764  -0.0001226670
        5626.869493105118    0.001469277
        5622.190288082307    0.002003385
        5617.511226433607   -0.002583340
        5612.832308152494  -0.0002624121
        5608.153533232444   -0.001106409
        5603.474901666801    0.001540079
        5598.796413448975  -0.0009911181
        5594.118068572375  -0.0003331259
        5589.439867030477  -0.0005474151
        5584.761808816626    0.002340660
        5580.083893924298    0.002738660
        5575.406122346835   0.0002434207
        5570.728494077648   -0.001472779
        5566.051009110281  -0.0007101560
        5561.373667438007    0.001260959
        5556.696469054239    0.001876419
        5552.019413952519  -0.0006830033
        5547.342502126124    0.001584436
        5542.665733568597    0.001053487
        5537.989108273214   0.0006333776
        5533.312626233585   0.0008756815
        5528.636287442921    0.001910958
        5523.960091894764   0.0009106033
        5519.284039582457    0.001866961
        5514.608130499542    0.003495960
        5509.932364639299    0.001579489
        5505.256741995268   -0.001080930
        5500.581262560728  -0.0004271337
        5495.905926329220    0.001773221
        5491.230733294155   0.0009208184
        5486.555683448874   0.0004699220
        5481.880776786857   -0.001840006
        5477.206013301512  -0.0005849980
        5472.531392986315    0.001553067
        5467.856915834610   -0.001329579
        5463.182581839807   0.0007260515
        5458.508390995448  -0.0003231977
        5453.834343294878   -0.002460017
        5449.160438731504    0.001278169
        5444.486677298804  -0.0007139332
        5439.813058990123  -0.0006634633
        5435.139583799001    0.001028459
        5430.466251718783    0.002149442
        5425.793062742879    0.003942584
        5421.120016864764    0.002765834
        5416.447114077850    0.001801065
        5411.774354375611   0.0009820071
        5407.101737751391   1.873843e-05
        5402.429264198667  -0.0001201532
        5397.756933710848  -0.0005538155
        5393.084746281413   0.0005420347
        5388.412701903701   0.0002282421
        5383.740800571258   -0.001609815
        5379.069042277428  -0.0008239940
        5374.397427015618   -0.001234688
        5369.725954779372   -0.001283491
        5365.054625562034   -0.001645703
        5360.383439357080  -0.0008392961
        5355.712396157853   0.0001580875
        5351.041495957896   -0.001192671
        5346.370738750620   -0.002226033
        5341.700124529433   -0.001265092
        5337.029653287813    0.002177337
        5332.359325019035   0.0007317285
        5327.689139716778  -0.0004605409
        5323.019097374316   -0.001753409
        5318.349197985191  -0.0004705938
        5313.679441542618   0.0002288756
        5309.009828040334   -0.001786400
        5304.340357471619   -0.001418282
        5299.671029829884  -0.0005682952
        5295.001845108535   -0.001144892
        5290.332803301185   0.0001881535
        5285.663904401174   -0.001399167
        5280.995148401914  -0.0008218344
        5276.326535296816  -0.0002334715
        5271.658065079419  -0.0007708589
        5266.989737743137    0.001908686
        5262.321553281378  -0.0009357001
        5257.653511687486   0.0002190693
        5252.985612955135  -0.0001531424
        5248.317857077604   0.0003603664
        5243.650244048369   -0.001739138
        5238.982773860906    0.001261544
        5234.315446508556   0.0006335634
        5229.648261984933  -0.0002807274
        5224.981220283312    0.001469179
        5220.314321397234  -0.0006455356
        5215.647565320111   -0.001061846
        5210.980952045419    0.002999719
        5206.314481566567   0.0008946952
        5201.648153876966  -0.0006738230
        5196.981968970158    0.001750164
        5192.315926839553    0.001673026
        5187.650027478562    0.001731330
        5182.984270880659   0.0002440310
        5178.318657039256    0.001227067
        5173.653185947896    0.001399385
        5168.987857599921  -0.0008225215
        5164.322671988873  -0.0003726048
        5159.657629108099   0.0002818238
        5154.992728951140  -0.0008699832
        5150.327971511470    0.001048725
        5145.663356782436    0.001126803
        5140.998884757445    0.002834941
        5136.334555430110    0.002447753
        5131.670368793837    0.002344724
        5127.006324842037  -0.0002149337
        5122.342423568121  -0.0004869300
        5117.678664965631   -0.001385882
        5113.015049028045    0.001009789
        5108.351575748703   -0.001022133
        5103.688245121085    0.001135928
        5099.025057138731  -0.0006533216
        5094.362011795054   -0.002426625
        5089.699109083461  -0.0009083071
        5085.036348997429   -0.001445381
        5080.373731530435   -0.002280903
        5075.711256675956   -0.002122404
        5071.048924427467   -0.003047306
        5066.386734778245   -0.002568058
        5061.724687721967   -0.002608370
        5057.062783252042   -0.003251256
        5052.401021361880   -0.003667681
        5047.739402044891   -0.002981416
        5043.077925294685   -0.005178376
