Scan:     54      F23254+0830 2010-05-15 +14 12 23.0
         OPTICAL                 Jy    
        km/s-BAR                 I
        10072.08341449099     -0.1708531
        10067.26707889647     -0.1221259
        10062.45089302379     -0.1247223
        10057.63485686582     -0.1243432
        10052.81897041558     -0.1231782
        10048.00323366620     -0.1186201
        10043.18764661056     -0.1137198
        10038.37220924174     -0.1087528
        10033.55692155282    -0.09994433
        10028.74178353675     -0.1083989
        10023.92679518659    -0.08939983
        10019.11195649536    -0.06535447
        10014.29726745600    -0.06428463
        10009.48272806166    -0.05274131
        10004.66833830535    -0.04886782
        9999.854098179938    -0.04313308
        9995.040007678643    -0.04041068
        9990.226066794339    -0.03386298
        9985.412275520170    -0.03196159
        9980.598633849080    -0.02768719
        9975.785141774148    -0.01921925
        9970.971799288382    -0.01808552
        9966.158606384792    -0.01777825
        9961.345563056389    -0.01367233
        9956.532669296317    -0.01134927
        9951.719925097454   -0.008210872
        9946.907330452876   -0.005728108
        9942.094885355658   -0.003264114
        9937.282589798815   -0.003979891
        9932.470443775355   -0.004138725
        9927.658447278222   -0.002410834
        9922.846600300692   -0.002098728
        9918.034902835510  -0.0002057598
        9913.223354875954   0.0007136910
        9908.411956414830  -0.0008973337
        9903.600707445354   -0.001065372
        9898.789607960533  -5.807710e-05
        9893.978657953245    0.001430184
        9889.167857416700    0.001016206
        9884.357206343842  -0.0005863659
        9879.546704727749    0.003268965
        9874.736352561429   8.877376e-05
        9869.926149837962   0.0004216061
        9865.116096550290  -0.0009811595
        9860.306192691558   0.0009837572
        9855.496438254706   0.0005602802
        9850.686833232883   0.0002925192
        9845.877377619096    0.002625883
        9841.068071406224   9.120305e-05
        9836.258914587541   0.0006377402
        9831.449907155860   7.104660e-05
        9826.641049104457   -0.002848209
        9821.832340426145   -0.002355041
        9817.023781114131  -0.0002245537
        9812.215371161361   -0.001842745
        9807.407110560975   -0.001560964
        9802.598999305854   0.0003925460
        9797.791037389276   0.0008178541
        9792.983224804046   -0.001044396
        9788.175561543312    0.001039490
        9783.368047600150   -0.003152703
        9778.560682967503   -0.001799737
        9773.753467638517   -0.001017311
        9768.946401606201   -0.001981321
        9764.139484863563   -0.002002441
        9759.332717403682   -0.003350116
        9754.526099219636   0.0006964217
        9749.719630304369   -0.001442987
        9744.913310651091  -8.305697e-06
        9740.107140252676    0.002397626
        9735.301119102338  -0.0002531067
        9730.495247193019  -0.0006735561
        9725.689524517729   -0.001214811
        9720.883951069616   0.0001074417
        9716.078526841684    0.001615750
        9711.273251827013    0.003635080
        9706.468126018548   0.0004279872
        9701.663149409496   -0.001065475
        9696.858321992739    0.001135813
        9692.053643761483   0.0006446196
        9687.249114708738   0.0001514315
        9682.444734827519   0.0003192967
        9677.640504110899  -0.0004255761
        9672.836422551889    0.001101900
        9668.032490143634    0.001350125
        9663.228706879077   -0.001709485
        9658.425072751428   -0.001203291
        9653.621587753565    0.001326144
        9648.818251878633   0.0002610296
        9644.015065119704    0.001094523
        9639.212027469794  -0.0002491485
        9634.409138921974   0.0008289658
        9629.606399469327   0.0007616772
        9624.803809104862  -0.0006706070
        9620.001367821653  -0.0008652837
        9615.199075612780   0.0009226000
        9610.396932471251    0.001012413
        9605.594938390212   0.0005468746
        9600.793093362672    0.003785724
        9595.991397381709  -0.0009275163
        9591.189850440265    0.001083155
        9586.388452531621   0.0007818167
        9581.587203648649  -0.0001592989
        9576.786103784561   0.0003670492
        9571.985152932302    0.001526681
        9567.184351084883   0.0007833233
        9562.383698235577   0.0001444127
        9557.583194377266    0.002213628
        9552.782839503156   0.0004335775
        9547.982633606127  -0.0001969746
        9543.182576679388   3.312976e-05
        9538.382668715951  -0.0006438972
        9533.582909708955  -0.0006370634
        9528.783299651352   0.0005321315
        9523.983838536278   -0.002000349
        9519.184526356878   -0.001019456
        9514.385363105966   2.902626e-05
        9509.586348776882    0.001040837
        9504.787483362505    0.001340700
        9499.988766856046   0.0004092583
        9495.190199250514   0.0009296098
        9490.391780538983   0.0006224757
        9485.593510714405   -0.001068083
        9480.795389770115  -0.0006689542
        9475.997417698927   -0.001156007
        9471.199594494052    0.001333042
        9466.401920148566  -0.0005456823
        9461.604394655415   5.831802e-05
        9456.807018007803    0.001788118
        9452.009790198746   -0.002140686
        9447.212711221389   -0.001455563
        9442.415781068605  -0.0007918389
        9437.618999733737    0.001013922
        9432.822367209665   -0.001032567
        9428.025883489599    0.001781187
        9423.229548566482    0.002178620
        9418.433362433523   0.0001906090
        9413.637325083668  -0.0001435251
        9408.841436510060   4.838739e-05
        9404.045696705840   5.968736e-05
        9399.250105663958   -0.001416813
        9394.454663377550   -0.002905597
        9389.659369839697   0.0007675461
        9384.864225043544  -3.480068e-05
        9380.069228982031    0.002162043
        9375.274381648373   0.0007821011
        9370.479683035510   -0.001305840
        9365.685133136651   -0.001357548
        9360.890731944877   0.0003789162
        9356.096479453130   -0.001848087
        9351.302375654686   -0.001873214
        9346.508420542425  -0.0003675003
        9341.714614109553  -0.0007827233
        9336.920956349149  -0.0005290930
        9332.127447254292   8.090092e-05
        9327.334086818057    0.001362097
        9322.540875033521   -0.001328291
        9317.747811893694   -0.001835504
        9312.954897391854   0.0002468189
        9308.162131520941   0.0001469723
        9303.369514274040    0.001217919
        9298.577045644288  -0.0002565564
        9293.784725624762  -0.0006816115
        9288.992554208544  -8.355938e-05
        9284.200531388706  -0.0006119396
        9279.408657158394  -0.0009890447
        9274.616931510616  -0.0008265206
        9269.825354438519    0.002013440
        9265.033925935111  -0.0003280454
        9260.242645993671   -0.001987322
        9255.451514607139    0.001549795
        9250.660531768528   0.0005388212
        9245.869697471117   0.0009875708
        9241.079011707847    0.001348727
        9236.288474471992    0.002744929
        9231.498085756433   0.0007756426
        9226.707845554381    0.001764709
        9221.917753858912   0.0005633616
        9217.127810663102  -0.0009682949
        9212.338015960095   -0.003555814
        9207.548369742966   0.0001494432
        9202.758872004797   -0.001199651
        9197.969522738595   -0.003351819
        9193.180321937636    0.001442152
        9188.391269594867   3.599880e-05
        9183.602365703493   0.0005455851
        9178.813610256530  -0.0008375567
        9174.025003247119   -0.001698050
        9169.236544668338   -0.001493244
        9164.448234513327   8.807069e-05
        9159.660072775101    0.002911859
        9154.872059446869    0.002011658
        9150.084194521640    0.001311629
        9145.296477992557    0.003775247
        9140.508909852701   0.0001710081
        9135.721490095211    0.001847885
        9130.934218713166    0.002770214
        9126.147095699576    0.003218539
        9121.360121047721    0.003085221
        9116.573294750604    0.001121611
        9111.786616801377    0.004897477
        9107.000087193046    0.005975567
        9102.213705918819    0.001861857
        9097.427472971711    0.001390610
        9092.641388344864    0.003961176
        9087.855452031486    0.003660207
        9083.069664024524    0.003400713
        9078.284024317187    0.004329746
        9073.498532902484    0.004039215
        9068.713189773627    0.004524015
        9063.927994923692    0.002549690
        9059.142948345756    0.003543683
        9054.358050032964    0.005474508
        9049.573299978458    0.003761866
        9044.788698175249    0.004447262
        9040.004244616481    0.005411743
        9035.219939295295    0.005780008
        9030.435782204771    0.004200961
        9025.651773338121    0.005959181
        9020.867912688282    0.007704853
        9016.084200248470    0.008258031
        9011.300636011825    0.009096111
        9006.517219971429    0.008682987
        9001.733952120287    0.008440593
        8996.950832451679    0.007460893
        8992.167860958680    0.007298455
        8987.385037634369    0.005007051
        8982.602362471820    0.004410637
        8977.819835464246    0.004798760
        8973.037456604723    0.006128829
        8968.255225886262    0.004722924
        8963.473143302206    0.006110115
        8958.691208845430    0.003237030
        8953.909422509214    0.002643947
        8949.127784286635    0.004863721
        8944.346294170768    0.002444240
        8939.564952154822    0.002785029
        8934.783758231812    0.004927285
        8930.002712394944    0.005465997
        8925.221814637296    0.003960678
        8920.441064951945    0.003067130
        8915.660463332104    0.005448541
        8910.880009770844    0.007845141
        8906.099704261249    0.005499977
        8901.319546796591    0.004628244
        8896.539537369816    0.003949924
        8891.759675974130    0.005504154
        8886.979962602683    0.006367327
        8882.200397248482    0.008369697
        8877.420979904804    0.008168849
        8872.641710564592    0.007858602
        8867.862589221191    0.007247271
        8863.083615867545    0.008578873
        8858.304790496926    0.007957825
        8853.526113102351    0.008443724
        8848.747583676961    0.008340606
        8843.969202213897    0.008334867
        8839.190968706373    0.006882856
        8834.412883147397    0.003263600
        8829.634945530048    0.005971333
        8824.857155847667    0.005720446
        8820.079514093200    0.004669889
        8815.302020259855    0.009060004
        8810.524674340777    0.006271385
        8805.747476329043    0.007328420
        8800.970426217797    0.005202221
        8796.193524000180    0.005976210
        8791.416769669338    0.005432879
        8786.640163218348    0.006396604
        8781.863704640420    0.005952599
        8777.087393928696    0.009215372
        8772.311231076254     0.01130003
        8767.535216076170     0.01120228
        8762.759348921725     0.01255182
        8757.983629605924     0.01393485
        8753.208058122047     0.01594449
        8748.432634463037     0.01702764
        8743.657358622237     0.01524521
        8738.882230592588     0.01786919
        8734.107250367373     0.01996648
        8729.332417939599     0.02309158
        8724.557733302607     0.02078456
        8719.783196449345     0.02192396
        8715.008807372953     0.02087965
        8710.234566066778     0.01986026
        8705.460472523695     0.02191847
        8700.686526737047     0.02241309
        8695.912728699777     0.02311773
        8691.139078405233     0.02245446
        8686.365575846488     0.02152546
        8681.592221016617     0.02103581
        8676.819013908769     0.02000143
        8672.045954516218     0.01937889
        8667.273042831972     0.01694846
        8662.500278849180     0.01554491
        8657.727662561116     0.01459111
        8652.955193960721     0.01592078
        8648.182873041342     0.01666549
        8643.410699795921     0.01421025
        8638.638674217804     0.01111984
        8633.866796299997    0.009768626
        8629.095066035781    0.008203468
        8624.323483418097    0.007018175
        8619.552048440290    0.005166848
        8614.780761095435   0.0001528655
        8610.009621376679   -0.001333117
        8605.238629277161   -0.003493216
        8600.467784790028   -0.003890708
        8595.697087908422   -0.005882686
        8590.926538625556   -0.002301365
        8586.156136934502    0.001010461
        8581.385882828406  -0.0003523423
        8576.615776300549    0.001193138
        8571.845817343932   0.0008057295
        8567.076005951774  -0.0009272269
        8562.306342117279  -0.0006114906
        8557.536825833462   -0.002906351
        8552.767457093598   -0.005367467
        8547.998235890765   -0.006746095
        8543.229162218171   -0.004723345
        8538.460236068891   -0.002625750
        8533.691457436207  -0.0006947177
        8528.922826313194    0.001282827
        8524.154342692995   0.0007610145
        8519.386006568819    0.001002373
        8514.617817933813   -0.002368635
        8509.849776781051  -0.0002408749
        8505.081883103810    0.001552501
        8500.314136895169   0.0006991644
        8495.546538148268    0.001729622
        8490.779086856388    0.002746306
        8486.011783012536    0.002013078
        8481.244626610058   0.0008276171
        8476.477617641896   0.0002095095
        8471.710756101327    0.001174904
        8466.944041981495   0.0005033480
        8462.177475275608    0.001656565
        8457.411055976814   0.0005100315
        8452.644784078184    0.002299184
        8447.878659572934    0.003214906
        8443.112682454273    0.001502262
        8438.346852715342    0.001267647
        8433.581170349218  -0.0007706573
        8428.815635349181    0.001495952
        8424.050247708370  -0.0004251287
        8419.285007419934   -0.001669508
        8414.519914477010   0.0008427114
        8409.754968872816   0.0003909178
        8404.990170600489  -0.0005533951
        8400.225519653177  -0.0003874011
        8395.461016024152  -7.529418e-05
        8390.696659706429    0.001794692
        8385.932450693281   0.0006871407
        8381.168388977789  -0.0005191575
        8376.404474553226  -0.0002485875
        8371.640707412671  -0.0005659490
        8366.877087549399   -0.001003862
        8362.113614956424  -0.0002801501
        8357.350289627086   0.0005351825
        8352.587111554529   -0.002306975
        8347.824080731763  -0.0009116881
        8343.061197152134   -0.001511093
        8338.298460808715  -0.0006162599
        8333.535871694787   0.0007963243
        8328.773429803357  -0.0002153580
        8324.011135127770  -0.0001667411
        8319.248987661036   0.0005776975
        8314.486987396500   0.0006891593
        8309.725134327167   0.0002723381
        8304.963428446386   0.0001296736
        8300.201869747234   -0.001050369
        8295.440458222916   0.0005416929
        8290.679193866581   -0.001676492
        8285.918076671369   -0.001862363
        8281.157106630559   -0.001075499
        8276.396283737158  -0.0002016050
        8271.635607984581   0.0006613676
        8266.875079365833   -0.002029372
        8262.114697874196  -0.0006635269
        8257.354463502743  -0.0006344164
        8252.594376244819    0.001154325
        8247.834436093433  -0.0003891571
        8243.074643041798   -0.002701161
        8238.314997083122   -0.001904869
        8233.555498210615   -0.001513933
        8228.796146417488    0.002129738
        8224.036941696750   -0.003348565
        8219.277884041814   -0.001156103
        8214.518973445685   0.0003254429
        8209.760209901713   -0.001382247
        8205.001593402903  -0.0001570365
        8200.243123942535   0.0006292152
        8195.484801513816   -0.001567388
        8190.726626109827   -0.002838721
        8185.968597723908   -0.002138190
        8181.210716349071   -0.001353169
        8176.452981978658   -0.002954133
        8171.695394605747  -0.0005557934
        8166.937954223616   0.0009756374
        8162.180660825339   0.0003857213
        8157.423514404261    0.001428976
        8152.666514953394  -0.0009110884
        8147.909662466078   -0.002257331
        8143.152956935458   0.0003158947
        8138.396398354611   0.0001612054
        8133.639986716881   -0.001182953
        8128.883722015345   -0.002132507
        8124.127604243344   0.0006117012
        8119.371633393891   -0.001033971
        8114.615809460328  -0.0009879103
        8109.860132435666  -0.0001663643
        8105.104602313315   0.0006284734
        8100.349219086351   0.0003300988
        8095.593982747985  -0.0002327811
        8090.838893291427  -0.0004991319
        8086.083950709820    0.002776179
        8081.329154996442    0.001803844
        8076.574506144368   0.0001377906
        8071.820004146875    0.001402076
        8067.065648997176  -0.0001196838
        8062.311440688480  -0.0002574793
        8057.557379213861   0.0004540415
        8052.803464566665  -0.0009781558
        8048.049696739969    0.001094023
        8043.296075727115    0.001138485
        8038.542601521181    0.002251223
        8033.789274115310  -0.0004543770
        8029.036093502912    0.001425163
        8024.283059676997   0.0004292924
        8019.530172630910   0.0005949268
        8014.777432357727  -0.0001804416
        8010.024838850723   -0.002186600
        8005.272392103044   0.0007540236
        8000.520092107966  -0.0001810775
        7995.767938858565   0.0002342301
        7991.015932348251  -7.322319e-05
        7986.264072570103    0.002085126
        7981.512359517263    0.002630546
        7976.760793183007    0.002671049
        7972.009373560547    0.001917079
        7967.258100643092   -0.002226671
        7962.506974423784   -0.001126350
        7957.755994895971  -0.0008682936
        7953.005162052658    0.001348403
        7948.254475887192  -0.0002667408
        7943.503936392782   0.0006158918
        7938.753543562570  -8.763731e-05
        7934.003297389834  -1.663943e-05
        7929.253197867652  -0.0007504093
        7924.503244989433    0.001481082
        7919.753438748187   0.0003937781
        7915.003779137324  -0.0006380241
        7910.254266149856    0.001477901
        7905.504899779124   0.0005490917
        7900.755680018206   2.174679e-05
        7896.006606860511   0.0007592474
        7891.257680299117   0.0001003580
        7886.508900327234   0.0005959145
        7881.760266938206  -0.0001583310
        7877.011780125042  -0.0005628765
        7872.263439881085   -0.001787251
        7867.515246199480    0.001359554
        7862.767199073571   3.985936e-05
        7858.019298496431   -0.001936599
        7853.271544461341    0.001138489
        7848.523936961444   -0.001902018
        7843.776475990147   0.0006376919
        7839.029161540398    0.002285997
        7834.281993605669   0.0002499665
        7829.534972178973    0.001191173
        7824.788097253719   0.0006830005
        7820.041368822985   0.0001724147
        7815.294786879980  -0.0001939864
        7810.548351417981   1.526837e-05
        7805.802062430198    0.001126031
        7801.055919909910   0.0003693854
        7796.309923850190   0.0009624555
        7791.564074244384    0.001930851
        7786.818371085635   0.0007823416
        7782.072814367286    0.001566425
        7777.327404082414    0.001192750
        7772.582140224363   0.0009283493
        7767.837022786275   -0.001274429
        7763.092051761362   -0.002268599
        7758.347227142899  -0.0003606337
        7753.602548924031   0.0008580823
        7748.858017098167   0.0004212300
        7744.113631658318    0.001066173
        7739.369392597826   -0.002011824
        7734.625299909837   0.0001855401
        7729.881353587758    0.002131387
        7725.137553624534   -0.001684996
        7720.393900013642   -0.001259691
        7715.650392748225  -0.0007193640
        7710.907031821494   -0.003222163
        7706.163817226658   0.0004319437
        7701.420748956928    0.001151844
        7696.677827005647  -0.0006914240
        7691.935051365890   0.0006812571
        7687.192422031071    0.001196839
        7682.449938994263  -0.0008025825
        7677.707602248746   -0.001305959
        7672.965411787728   -0.001036590
        7668.223367604552  -0.0002402115
        7663.481469692362  -0.0005717304
        7658.739718044303   0.0002073690
        7653.998112653783  -0.0005246260
        7649.256653513881   -0.001758605
        7644.515340618005  -0.0007175538
        7639.774173959232  -0.0003661630
        7635.033153530840   -0.001751979
        7630.292279326039   -0.002094110
        7625.551551338170   -0.001586845
        7620.810969560379   -0.001096422
        7616.070533985942  -0.0009109544
        7611.330244608070   0.0009224453
        7606.590101419972   0.0009653089
        7601.850104414990   -0.002662103
        7597.110253586204   -0.001351096
        7592.370548927022   0.0001823225
        7587.630990430521   0.0002078936
        7582.891578090044   0.0002419181
        7578.152311898803    0.001267512
        7573.413191850073  -2.207630e-05
        7568.674217936999   0.0006935626
        7563.935390152989    0.001183929
        7559.196708491121   0.0004869743
        7554.458172944672   0.0006374329
        7549.719783506917  -0.0003394110
        7544.981540171069  -0.0006276336
        7540.243442930469  -0.0003250056
        7535.505491778194   0.0007713441
        7530.767686707656  -0.0006346190
        7526.030027711930   0.0008841197
        7521.292514784425   0.0009914733
        7516.555147918221  -6.312503e-05
        7511.817927106792    0.001437495
        7507.080852343151    0.001511537
        7502.343923620637  -0.0003608974
        7497.607140932530    0.001394179
        7492.870504271973   0.0009842168
        7488.134013632376    0.001111800
        7483.397669006814  -0.0003252509
        7478.661470388700   0.0009714777
        7473.925417771108    0.001192975
        7469.189511147451  -0.0004364728
        7464.453750510870    0.001172641
        7459.718135854709   0.0002848705
        7454.982667172111  -5.648339e-05
        7450.247344456355  -0.0005278325
        7445.512167700716   0.0008934364
        7440.777136898470  -0.0003413997
        7436.042252042827   -0.001991706
        7431.307513127066   -0.001304884
        7426.572920144395   -0.001672461
        7421.838473088093  -0.0008758674
        7417.104171951500    0.001537931
        7412.370016727695  -5.753356e-05
        7407.636007410088   2.017352e-05
        7402.902143991888   -0.001285440
        7398.168426466240   -0.001287532
        7393.434854826619   -0.003499648
        7388.701429066037   -0.001323502
        7383.968149177968   -0.002561573
        7379.235015155492  -0.0008563799
        7374.502026992018   -0.002001249
        7369.769184680687   -0.004376351
        7365.036488214845   -0.003488356
        7360.303937587634   -0.003406349
        7355.571532792466   -0.003964967
        7350.839273822549   -0.005199325
        7346.107160671028   -0.005500904
        7341.375193331311   -0.006152596
        7336.643371796544   -0.007259169
        7331.911696060068   -0.005608554
        7327.180166115094   -0.007868295
        7322.448781954967   -0.007871811
        7317.717543572827    -0.01059862
        7312.986450962020    -0.01103367
        7308.255504115755   -0.008997514
        7303.524703027442    -0.01079470
        7298.794047690159    -0.01204506
        7294.063538097248    -0.01488719
        7289.333174241987    -0.01392012
        7284.602956117585    -0.01261200
        7279.872883717451    -0.01406773
